1191.0858699639007
694.8112869808256
945.3799715737914
1777.2863071185475
679.8232579649858
867.1863550695465
1531.2826030368271
852.9001624576558
973.1038215813085
855.7311578443163
202.61322537791636
762.771649410986
345.48748931385285
1512.5059345261952
779.5046089059499
844.4464503122991
947.5833352492753
102.73897916093031
1130.4369878782654
41.514481904578304
1164.9011792413507
1775.1877670358908
1443.877661278256
149.5728971002003
-101.71313142281939
1637.0745757636837
2056.910127814786
328.6156921218527
1130.3812784435647
526.7846117217509
825.4433672376239
61.81078224999712
532.400101081487
966.6823716866998
425.5160926339686
840.0897877237979
-176.4180524525524
205.36483591665944
207.56774915731592
400.19497852539484
2590.7029196164085
1040.5294913714938
584.9847894134004
297.1322070260603
769.6169957327563
1852.0186375882147
300.9498903912111
96.03702842693278
1076.510516011019
786.6057251252716
1072.7799184480139
558.4740649848726
81.40952023012372
861.9708717566198
1860.9907463482234
896.6175538347079
828.9393645869341
298.9898835586079
1194.0240371672396
1415.8256592360403
401.6503986158664
186.24482410986502
1281.173647600279
-283.4949110156947
699.2386902785885
1277.8333429793672
1245.516443473171
779.0867433687567
1110.234296328472
804.3567171644612
1534.0094803340232
573.9188290530858
727.1000171663148
18.30111034809849
190.02232767444218
886.1773374812525
-76.82696502738756
713.5670073256923
1239.4219682195667
1381.550706868431
1819.3558178925703
1261.0032248425914
1144.875545473352
-369.44574348242156
1619.5041586916684
808.7801314740645
107.26035462649276
363.3819207874035
609.0596684393512
1652.5429463703406
-256.68067661484855
903.3647703828175
580.0461069406922
921.3790073246053
57.80788623813012
419.52938240713013
821.3050476975611
406.3478574095709
-396.11198050580055
139.57839162350183
27.503539954845024
478.2230317312078
565.0598633786661
440.79798258499454
-129.39627776805668
799.4804955315085
1249.3694536110993
232.38374050966428
363.7591531295027
1124.7062127462486
680.8499218948607
1014.3159218962662
811.932025964003
631.7733262369667
915.9238920959201
593.0539194031129
476.073941333049
1137.8069737502055
92.38135429708657
1812.6016851311538
269.93801461161274
449.35594207539384
1031.697189552704
804.9733703835925
725.0204635048501
203.1637523351813
927.7668407605031
365.2654997698288
1937.7883554048194
1179.2590316254582
162.92248197494553
70.99511305983594
709.0776850142943
101.33149664429166
1136.2651152378685
186.3177092700504
302.43582020845497
410.7321682666202
151.80588657110883
893.249021329882
1029.5389834138352
1173.7854316873256
254.93080734686254
724.0128333427679
547.1709103445156
21.401059535136994
1585.3604730636087
1602.9659497359035
294.64584427357914
131.4508448044458
787.7248643509674
1181.4695102055418
946.9528747849117
320.9633865559115
-98.29663932574046
728.395711467982
-231.95375926117143
1852.7339106445565
1472.5595783502843
653.1099829368297
1100.3688064436817
1429.9816878856834
101.24620117309928
308.08313505986007
1679.8735175082866
-291.83374629453135
-314.4187121589397
32.35086875319669
218.49326560633324
314.4049930489746
584.5991851768712
994.5664023028253
143.56450468070966
1147.5892972202191
1606.9426085210496
535.3410056231947
1032.4322785897864
441.0041300269129
2029.8620678573661
825.1897997467468
8.484040156895887
892.7559813893711
470.57633931385885
998.506173856282
802.0760553757561
152.14070286123274
731.757746565778
614.5367334365676
772.0039022224681
642.0223006201637
1421.7083144718906
926.5244837334631
555.1086028660983
156.84675932140078
68.0456400184159
1163.6877772146338
615.4863193231267
942.0872416827879
339.9433772012595
437.8381053997381
-152.95075541823368
31.89262289277309
576.8172499976182
1069.761023203938
380.3214699645921
841.7192361258769
836.712622270073
528.3684973153424
859.0496245534058
125.7389329791859
458.6239676838711
510.38262011587096
379.7887379978831
1251.9696770363955
830.9871900736955
-47.84634367045253
801.9785270260953
1700.5612669863588
-426.2156218400455
1757.122668594696
2282.818825555517
1150.4675269347647
175.3001672307974
1009.6211495270643
490.058183999383
661.5284683403913
685.5835287639873
443.5038989941045
634.8406085558938
1325.3641598653699
1733.9214858183732
335.10554161032155
1461.4711892985836
352.7771569171925
-91.26742677788448
542.0024166222078
939.2196026117995
801.1602629854256
295.34530316648414
129.52424235762777
10.375076931643022
296.29614522911845
88.32537123803556
678.1671440903326
748.9063971209935
1201.170067186048
-113.76313445800365
326.4481617028091
405.38222499101187
792.9482270459673
1223.352986504422
1380.180609925368
642.0345487076113
776.5454856459452
618.9145245096435
408.990341950862
895.68224026356
2081.629078440949
907.139828999137
975.4298801978407
-411.80055612076535
1327.5155655369413
298.50405303098177
435.2128489345944
410.4640628757288
2156.6752194206047
246.8697539063433
715.2209284169801
161.36636990458845
1298.6406247260456
1032.52760215762
697.4382162931727
755.8972894488932
171.92260689491536
34.92354645504773
2052.5544899081065
1103.3964780649687
632.1915673907715
-135.9112826388298
263.65017364859494
-87.1044585909297
906.24567671478
328.8051304790814
376.54863504568124
1667.6627649152867
1353.366489982348
190.9839628642958
707.6214875524452
808.3947927671046
-283.4585148109188
-374.87950258356886
145.25145605941537
514.1731658969983
637.0133685817467
62.195851794061696
1165.6334266224737
763.7141774594575
-173.28235132038577
636.2993311191328
1387.4213597213693
1266.8738836434834
926.3055007291325
395.3356095415494
921.0227943884822
1128.772382416793
588.3086784590087
1382.099863367691
1003.8867805939933
928.1725705575807
237.4561681836734
77.94305834215561
-23.361085654196543
640.9663170795825
1228.7998927819808
796.2553084508556
550.0674536790567
472.6937119752811
542.6234180908046
1625.0405047881818
1216.6858423435099
203.01071780166882
-56.839841094106006
846.0468019481434
178.5134137507639
350.0347947571823
951.0370330400879
30.408119863339806
1047.4110525901272
283.67762927336275
767.2878375863921
282.07020597710687
817.6844493264045
1744.838179271634
1574.1340741448275
1156.424369730917
648.7822979838855
197.5620694760554
846.512686852768
1365.8417234562235
246.98311396268917
430.3647521847679
1319.960541300039
250.68099086163625
1796.9051979656442
875.6980487768296
680.8796803830294
-679.3521604381447
710.5171936295039
221.4132129320385
519.3212124378263
753.1988735369262
274.3569824271584
1065.647136645237
-69.29804744503703
573.0624462223848
269.02521480357575
511.7088959684154
1473.3050174952107
653.55229646819
943.8681410570937
433.28859361641514
337.1991508834732
738.5128998460849
712.471728528749
830.8472305161691
905.1897279432611
311.34218640689943
1010.8199664284402
58.28940183801771
518.5787563179505
1216.6533859741774
76.23784713369125
1164.3653616440556
1209.1129095983401
410.76688026342924
486.98190677265427
437.47641837736194
840.6135273263384
377.1410233912962
1294.0897869893324
1540.633704073714
596.392343108967
-112.91514939800409
1241.3377071417306
819.2812179817882
1948.4221149734567
698.8106793795591
19.135372773330715
851.4608538846919
833.62756796294
381.50244577089376
-4.7848613446448525
299.4989644148581
557.9033402024119
279.9353589760759
699.5358321315332
281.2174437861743
124.7353296148724
1527.7428085642782
988.6712842741165
38.255475052636115
464.11947669693814
169.673418038553
275.1083522633423
1508.9087124788668
1.4229640784174222
424.9084146936824
41.18600525737489
489.2147106113821
-224.30396732328109
457.60896249709344
595.7468506258497
989.6258581748748
213.72421268870187
-2.5717794224920993
126.12030594349295
793.4462319510808
1033.9543685832011
331.86555764363345
-255.7496204464748
996.5585880801048
1005.0877836584261
1308.272577089108
877.3882231227952
723.9968750612584
606.213837885874
746.2647802732656
681.3737218568889
611.2618904471575
670.1575683096361
1649.7861968285733
1159.699064940009
644.3327903893147
-533.6970299762322
1268.5369139788368
234.07879525616227
1095.5518009451418
466.62709762565316
814.4782713489057
5.512312341994132
556.4099184468555
1515.299395480681
1036.864332444137
213.86392663319737
1823.9112898088968
1176.3186574249082
642.8279514621806
147.1393594387999
473.5593058131426
1437.3224166640155
1614.2822356999827
498.3541923375751
438.71046061191475
632.4754063858273
697.5050588152936
2221.7501111882457
223.21967602103194
665.0018539511051
302.08264321124057
1213.907898908797
296.32367103188153
867.7331499672488
652.8903297989035
-108.76838488115273
342.2357681982475
-707.5488213852905
1002.1160236918383
534.7031658433264
845.6178483825819
889.791170597878
519.6808313185584
-72.14961796833957
1217.5730853822563
181.75684633797607
1074.0842087862914
405.61456487343276
731.6154406093483
288.1436428775056
1271.0796459645464
-60.87925923606569
925.2499691064643
1078.5839690658167
89.52376286139261
1163.048365747409
1552.8701225483571
-109.74413057315728
1124.958920269378
36.59781885808664
1194.0855164620298
480.72933205431434
-184.65839981484055
608.7306911746955
-54.059108704638746
406.98518301767785
732.1579392227602
-223.29062599457137
825.5049549905219
395.9081922428959
383.8976398107782
1602.7079237472365
1063.382856099821
1407.394794213132
209.73376067379695
-320.7272571486983
717.8755585898673
1189.9400548197193
191.80304774415265
566.0533451458701
1334.908916690035
1128.1875802368836
232.9455535738477
-215.13482007576937
664.6588049481504
682.0300867893394
-11.999661368940323
430.26735048884564
1178.1204845397717
506.56408223804146
971.0851126125103
761.2075714489924
931.926032433706
445.6897862787473
182.2212306131746
1201.6845311973568
643.1270313399256
116.63835282137049
1311.748800620648
139.01579763528494
1521.5060386577343
217.0512953684671
69.05877774562845
805.7195088295125
1434.302563892407
684.0504389122816
1455.8325242518488
1334.8810191458008
658.4037262713123
446.21020696605217
574.3825197286073
651.2169099549399
298.54263742872655
235.32895526987664
270.4662026006143
224.62425799613982
-21.316585957846016
900.3943551505026
1187.9323152241695
1026.163048206451
520.2369431580322
562.0207684150458
531.6701451100864
169.1989587552332
-442.2269279293968
1907.0350208377886
508.7444832947706
636.3064388105201
1054.8775929823282
1338.7823302422141
1074.466317446123
1768.84365182488
841.6797299501362
46.384003203125445
1471.0515454893296
2167.6130545617543
653.3455427029959
821.9597713353619
2177.5148627226354
1144.3764576597898
449.9783807204615
884.7379821218133
666.709480499922
2176.5014386487956
433.12763761452493
459.2503108097078
372.86939980712066
1226.1536401205985
704.6991847422389
796.6235743655186
400.32934311143936
506.0416055545596
1263.247032303008
934.8491892548145
363.2630498467268
1080.7296392500157
59.11994717758293
273.6132501734052
318.12041937014055
1870.6781452296664
1221.096887448824
965.3286929278117
1019.2226340429829
-63.05469448412403
1539.3381512719684
-102.47011542314019
-11.265127020931004
1157.3316751472546
416.79136840267654
226.64290920115428
861.3545019283496
704.1073054004987
1724.7197776982705
868.0489424894381
297.5900599803193
839.1519966735133
753.960252933058
896.0300348408432
652.3670549126474
2251.5024524319424
1757.5405348055351
956.8303098934991
1367.4617067263227
991.1904942252622
-85.92854833322939
840.3870505217035
1209.0512960497947
1062.0649896458424
777.9626008705316
1209.698827638188
1511.3446548380969
748.3587250997412
1209.923145568178
917.9761889332137
-307.45356970302413
1416.7807123820621
790.453168905418
548.4861032401886
401.0595701848242
710.8335700631344
-492.92384749505715
705.2621197984058
694.3313766342033
358.1457593183781
1309.205364528438
282.2925117963252
252.7547551953279
839.3786473334787
716.9745118820563
-472.81804531856085
796.3672205401133
1164.636371840178
277.0721486711807
101.38236855468043
589.5436150207953
1168.250995866221
1017.8819984078141
631.4312780179836
426.46128589672423
1122.6184500213587
774.7264933469978
6.090291253410285
851.0592277482275
2361.557749832573
14.230813791744936
1164.1895453153293
818.6109360162765
1120.0599838487058
900.1185344419108
396.9237295421476
-276.92990573903967
859.0035311931856
-635.8862048568432
69.62973904852873
1800.878517275189
328.9706216673614
945.4964854770228
747.6439437556803
777.2629036684917
-195.86615919033218
334.3490132535663
904.8720482307749
470.61102876091
85.71469607026111
759.244166153715
281.84256485388033
478.5545545364905
346.99248906588724
807.9882005042882
306.83178525283904
-118.06401152009356
396.05938425773434
709.1863920943008
836.5594970475955
802.4056035418612
325.6311206783807
1171.8665155034116
1551.4452210147308
777.7808094663513
1016.9389721867476
1291.6806626633402
714.5765335810643
31.055593487019564
1184.7800977574605
267.8400873982747
713.1792338146874
-261.604876826794
533.1950770441555
-31.30897406426162
313.6322816678287
135.74288412169028
135.10073748021654
1212.5010856691026
453.7064132183109
992.4745707406789
970.7132493886761
41.44179880472001
456.4344986001954
718.4490207448416
638.3866290023568
1445.8853019624744
1690.3579184816579
-173.35672903473923
183.97319467903156
781.0454875508906
-43.270631150190425
192.12348149574768
793.5838673059817
1259.7799068372944
365.71442657158275
1077.9888706664285
5.634006882722673
515.8318316116498
484.606315352602
1084.1361116324238
1407.1141212484201
1085.3744292358485
-515.5087454869193
714.2138461934602
761.530445229966
878.424477648208
1482.745908132863
682.1344384121289
184.77693550472213
1454.5177548870365
31.51458171669671
1562.1295056944202
464.51333464427603
-336.87974526316737
591.8255925327328
873.9036586998219
970.362451888124
-105.12161151733125
322.88588550130476
1326.3437637117615
625.7710335466372
1330.2644267156422
912.9790611102603
317.78103385447275
1075.664537552516
1380.9856280271488
1034.3923966063153
1082.5453030675512
647.1725085810555
589.8431289267758
-339.74298760119063
709.5150606659192
1470.955517572579
889.5323082588056
326.72404561268905
1148.6894630548925
992.358419242307
692.7110555002052
127.70291125945363
223.66555839969476
1227.495525793312
978.0552382781375
1318.3940673322288
239.96351413720663
-383.74239413869225
501.09913166958006
475.1215541614447
1216.2840062716334
485.610312785714
765.9153055172856
158.58988204541282
665.5513906270448
2555.2694288413404
1084.259346841082
849.1030867062053
-70.70696245076944
177.93828245848624
631.2127971996106
521.4969947681425
473.63744686826385
57.298346254583265
1075.2309103532004
1290.826874702934
406.76990628215503
12.46210893539262
1032.1738580429972
737.2993471593809
685.3251814062953
-128.62266724651573
471.30675438131993
-171.57664521666106
420.2916191858544
348.93504978981525
782.1519829065504
2233.1859266186743
52.20199374059055
284.08373642851905
145.59450565183874
1334.1937321837001
1146.3650591615417
1535.1035626156477
168.86029068048458
768.0619281160442
288.8259259627479
1066.9591199849306
2091.524272166952
134.9659246635112
276.61408001108134
338.2095118344929
927.7131465566752
1188.4269340220862
560.1238589974996
388.24720892067756
752.2554173482995
1457.600631555912
461.640752386598
738.9412079847019
357.683215908767
1066.1067770737761
-19.147047686332442
48.3402945336004
1049.7697306840275
948.6024905471979
65.47311489178648
404.2221306319209
1293.3674480925818
1173.4759530306962
367.94039983746956
-54.78220380380041
163.67053979070488
974.8224640648032
540.2504432324473
508.15629021307177
891.2172730957145
136.12992083203085
329.86661021009274
1319.8261637999558
1389.2367896976946
1585.736991112126
770.1831808488797
1020.2394759136898
-564.6408711339952
-879.3525058629297
1227.6304564286231
182.15786947268498
267.0169631710174
1152.4477250807101
1153.7514754914312
120.45041208882316
-177.24342036507815
486.615082649588
779.990427251541
382.2206750155532
1292.8753350208124
1292.3577268783285
443.84564076062134
1630.447471806442
294.74036982659675
-120.80755425523006
884.797874340433
1056.7799678549095
-213.67595289338357
1421.8333435608818
716.5284211658592
1341.7277999637706
792.5898690939289
783.3019652336061
-210.7631277482157
724.0029420769876
-234.0787842747066
954.8257762243561
323.5569521680412
-178.94857078386985
1104.1338916293003
-139.016600629879
375.6064126743415
71.13388951983592
541.0099547237141
323.0751102181589
511.4574935676618
-179.28615547386582
1892.493721747951
114.04899043043335
243.39216682626164
958.8330269325525
1529.1672359849035
490.9750079488389
1002.4289638692526
-173.2189111727796
-231.04132662653316
607.0164006433536
796.04907114512
-33.21093312510915
672.9955610572332
552.4642735944769
1535.4385813037054
357.48249670974633
716.6510222533218
588.5548192056941
-127.65848230357345
327.8002605918932
949.5626828219874
845.9836067086037
175.67686818295385
520.3455111777753
814.0815393229589
416.7634142783934
1330.902821548786
743.2360263938472
862.4487816651803
935.9503271655738
451.6238696529023
229.70374093744033
1504.4833900511505
737.6660437583394
703.3604256099572
1053.7893325828572
1553.0157773632586
1084.1486598840888
825.145606692278
538.0721530768866
313.241820340438
1278.2973787160647
189.08145698457741
-243.70763512543056
577.191304319415
420.1971280703858
1924.900006648247
274.2282275171098
1549.2090371174372
774.9699083141215
-103.50105221634169
114.28937590943605
448.6507829692845
939.1089389708914
1303.8449903904698
-19.260675547579993
375.8500345427191
566.1430223029347
295.96925655852755
812.1054375910223
1389.0050133206873
141.2090289064219
834.6055931600362
708.9725968728144
338.234022444199
1083.4455327135952
1145.591872986866
-51.222558984416324
1784.3696200903316
1228.151365533794
316.7782241740006
-266.4886492451361
476.4369094524743
200.23256019567327
674.0533636498542
124.11219660305352
1318.9273801978018
1397.102443387107
933.6800051230352
322.6648054652797
763.2203594189679
438.06655701300224
628.0371667816951
591.9241914868795
149.80904207145312
822.2039280202057
346.7121989926304
1055.3537090177483
-40.50925456209059
440.02114027225457
403.80692369743076
11.728336050575095
659.8169504998098
391.424784971898
1689.3104391340055
1194.5213556141252
-82.76055140388436
1261.3782093992845
905.6138406757748
363.470243502945
1448.8487584785573
429.4594459321852
535.6851345091583
550.7405366855743
1153.5437138077946
767.885423687687
-158.82652110107475
1355.4499609435927
254.65444502778598
1117.8050432149282
1305.4638922091292
416.5495570403722
1079.0222923496945
668.8047958773961
1126.406891965561
-20.320205671833207
-26.126791172833677
1163.9178996073415
1040.85423633307
614.6790015049837
819.6326078945172
897.3963013994447
782.6431854491325
1025.680791521588
577.8749345462617
272.98906183524275
-63.702473918558454
536.2563917227063
1297.125757497469
-143.95981807638373
1654.4473806116193
388.6727231415294
650.9066854152129
135.5209080535581
1063.3203675257635
19.64165483911023
1530.4496942690996
1583.015621520637
1047.8173943968322
397.34368877973486
2043.8880538284461
86.06669352162552
656.5159178152232
384.6378043601111
481.0858721053902
723.7049784071069
147.3015711084131
736.3221000406068
1753.5082690939719
474.6066595878319
466.46922673188965
371.2004234358842
624.1714718660667
791.2986104149161
1129.4020200512757
340.61582027747744
1821.1556651090866
582.915953921839
982.7245575771246
943.4268472623551
280.4212346532515
-320.73233294492616
2023.7727485977407
-171.92340833708448
307.2400076396154
1530.152558118421
429.2514831215001
1303.6840959430858
711.4357823108083
1208.7189628911233
913.4565382662975
806.5391032927228
197.54105423393452
-111.03009665651707
462.6050367544609
-82.62991361369389
777.2215184148502
135.19841916547628
1184.5417154091829
-145.10019698274397
606.6577245609496
-7.905105533068493
994.3580567636488
1042.606588573227
1741.2466452350209
935.3071075219959
41.13043212220123
1301.6961114206356
953.785527811387
780.9024027309952
-32.52495009991755
-306.65530909019526
1612.1185762529371
769.3994882624315
977.7809158676205
475.802566882606
999.4787008331612
1066.5866242982024
-173.14962176961376
-66.78255866429518
1099.632147652849
938.549172141788
1175.382223269343
745.9144539368366
65.34264737691242
448.7614433816286
735.7229276478884
910.00957065271
775.8419050093845
1153.4160188365643
2144.843796630759
297.2740257519299
602.0651140302537
23.21157363741969
1407.0522230342121
1766.4110352547796
1073.7626031311377
245.03675709397487
232.96289288686717
338.1991320794422
144.25398168138395
238.99385267439726
333.8115563200121
41.1724665788482
1232.3749897112514
1866.5725147885098
1.3700731072550667
388.1777272648983
475.13303905052044
-123.2429346879556
321.26685822545335
2137.1360304315795
1669.285219919268
821.101322488707
1914.8377920486348
279.71266297422454
996.7323223345218
268.4828555010024
293.5552199765495
1091.07669693742
1559.5782777758393
2478.911106827337
1344.049932381266
746.7631205046059
979.3721942823875
477.70060226040493
31.03334289307685
384.3318357277482
110.6771988162063
928.2738126659203
1125.2713029592342
1195.898389852977
1164.7268985925855
644.1547358082
862.2757509406388
492.0533596862533
343.50791785514156
704.1974245016225
1124.8001779843173
415.5056033228923
422.5040063212557
153.17158045878244
566.3073108273793
-62.090041691770224
124.56693002909938
93.5467325424205
165.6678163140137
663.4969564953361
1543.028698481066
473.77025722498
-525.2221393138201
481.2171159974271
1072.4072113285752
610.8897786143928
1279.9397369114722
1316.4882051537254
507.1472570371059
704.4643938176895
309.86011707462103
959.0493817157683
957.772775529849
2190.2552170633026
268.3050414736859
-49.25152753041736
187.2642879435047
294.9010210917172
823.0457738771362
566.6420034971655
1225.8525354408748
-168.30490804275962
361.15568013809934
227.43152667974698
2004.8199339120038
161.1974185270842
201.26169844942217
1199.1013706998465
1278.1928926716646
1593.4160267000866
1122.3077153227835
736.9734699687111
182.72978756455382
716.6120851314965
1011.4385896466554
996.0103249083875
878.669837857555
1054.911514898177
-39.729989010140955
21.22641022397022
1463.7320161010261
68.05361104891043
1823.7662734129053
885.5717476097707
1976.357812510711
131.30700042091954
341.17203744176095
962.5086896976961
515.1520715762464
939.7970727452273
116.2627381488391
1391.3579045228817
444.3598018071616
858.0696889630967
706.2435295948744
428.26453972404
919.413068512524
1665.981165585577
114.25219600123387
1230.5446320673104
592.4358451779249
889.9986376920195
1571.0594816715375
619.850967565713
382.30479709732475
1197.9606441811304
225.21215525111523
857.4840889059354
138.310553525511
553.8724182944624
335.87930588315476
656.4434659814947
1767.4720004126098
797.7895515325837
1479.1683335584405
24.77868468333
186.77516867839137
1189.4545636468717
937.5789394931676
848.1198002025653
1186.239477965793
1062.9325737699448
739.7285206067565
389.36622407483037
755.4521898307872
393.8851302321084
788.6651760655739
999.4798850031875
1085.2480765048126
81.85699547236385
388.31848022658517
1348.6964107228887
440.84203292485654
531.0092594801665
974.7548434025332
526.368183730172
-206.18842861879867
556.0583859649595
789.7217951151638
1034.2982573111526
436.90079329822845
1102.2617277233974
-373.181797005517
1719.4761365911359
144.78547301375363
391.89410337826814
972.936028414158
1072.4765772203914
1190.1759808395543
130.53558559766927
477.8875621702448
1027.8059128574828
1118.5952701794558
382.7468635435138
322.19140840838224
1486.6564342606698
850.4494832574879
452.3075471855682
379.6184265999534
199.3715688003191
507.5312481148899
1001.0779366504762
1650.491577175805
1149.637474629819
364.5515549844997
347.98709745989026
968.864803568239
1175.939228365259
184.32212754450597
980.6295190502315
1119.3387212893808
997.2187323613107
678.816892309844
636.6657294402592
775.5067907287123
969.2329657856612
372.1225986447795
1186.3820973877723
436.42998336767766
361.68665331641654
1626.5878833514646
-6.893246955196048
588.9270051294375
1405.3131436044919
1088.736916269513
514.3862024162406
314.7578405293288
399.26329594405627
573.6205089293304
1147.1479991923427
653.0957600810015
125.43038803496353
793.1853671672536
528.6383928052066
841.4761557092332
1590.6237155907127
1327.8058911958087
1253.4438543258552
1296.5368848081057
539.351388210039
425.5068299152857
1428.3507834042819
1829.0513365333345
1187.633643833439
1868.077956604871
1292.6515591729576
120.00475681837722
332.9096155405997
297.6696477561484
1360.3233881326585
328.1417646410421
622.7553177045863
-223.93969621727484
-296.0986182852021
233.2502982007121
348.2732743601109
131.27576947504772
1937.681128488232
673.1358936530203
1240.7357496998995
614.9592917381414
624.5123885211561
-213.70772924026573
272.5998448234697
392.6517509431327
1350.2367766358157
178.47091869268098
1253.8752513699678
729.2993452850751
1422.9627231810382
311.58938732227386
1025.8739105254672
1197.943791892132
877.4421801617846
969.0026973438839
-0.4169640997828168
1560.2475510111183
1549.8291828911304
832.3753787751606
1119.886906165675
1116.6114276923379
926.4803138422465
456.0378950692343
48.528217749414665
1164.430509250351
1009.902382268815
465.73261407326413
913.2453668743756
680.3526679328725
980.2729398304816
447.92149778308567
-3.2048702000100064
1556.0259958168745
1019.7731842213736
-175.22934417076254
355.26929538229444
-15.40222763980411
-239.8400807461669
154.4991931503422
1214.0061926698397
867.472349072651
-97.68398568236496
1972.9845253491617
318.6337165074556
832.7340877098263
1580.9931784368944
317.87875489956934
-262.510048144811
719.8151953680294
464.8582319549042
1224.3427806698062
531.0709873864992
470.2210159896483
69.89646316252987
677.1878886230623
759.8162004847752
1555.4744407459223
1036.7295475722456
820.5655270943996
1624.6446843941676
1347.8266581853968
311.61673612091226
-79.50127889613744
906.9827148087271
1797.406997004436
555.4036735631364
1206.2807365362962
130.53283373168938
571.6573598142053
1359.1774114275204
233.43055560928576
588.3952705819044
367.5894479986462
1416.8058115478066
80.90012110250055
911.3138964703764
242.40346972025452
1731.4925189337393
1409.1083163241328
339.24841838398964
1056.350196702238
254.62405765933374
221.970669333476
1057.3677321984899
963.720351382555
1575.2051955778093
1094.3747455747548
423.3724640015398
18.62468854103028
886.0279964623633
554.7871291264121
29.301451941070837
1171.0688306915529
777.7469882682251
436.49289177647165
1031.726978704802
805.9400598170923
545.2012902143048
82.54717685344082
1296.2860491495846
125.54116451594953
22.241514351748606
527.1636977078724
1179.068790372857
749.1175082503803
377.4278511774854
1612.9858431682546
226.56474867228633
313.7398340336376
548.8325345171035
1253.650407630522
272.03770192346104
1206.369663983695
84.39007722239916
596.5406163081775
1571.9975550736535
1691.4303494472422
1070.1335524487847
467.9724095302994
645.4566576848939
278.2263845460565
1370.7422854096892
851.586737841345
1154.5266903541626
29.86733157383719
570.7840503161154
1048.017239087618
501.3559509400628
631.5803638826995
1431.5077062798182
862.6867610405085
468.7836559189592
727.3123250556106
723.6348326452362
708.9642680957264
1153.6877365934492
1378.2195787706617
905.516282266974
358.1523769324936
454.1130803818909
154.16900319231866
566.7418695896332
460.59181945929527
868.2208721500105
483.0060735368096
1030.8770216192886
197.00666303112308
271.65630354486865
736.2816104403959
197.90340804852377
620.898155553743
792.8040102364911
937.0214398515677
357.0015297118654
342.56821119260553
682.4381848447501
1554.8781422768511
725.2548589913231
2401.536017807612
60.205128249014024
51.981599189309236
913.1719967513993
-48.49042889063203
752.8821446442697
-170.3930193727858
1032.986165947712
391.95689481592746
383.09747216591484
421.6419532757757
498.9301583968693
522.8336158700441
-142.5258692251125
378.2209479977956
598.3491090696127
955.2861080802315
709.9080125620633
-116.56000769216445
30.686641864118457
815.181223347519
-347.87278035334714
825.2035607320715
65.50365793986191
1364.4647883160555
857.9539648994942
570.253402822925
555.3841763351427
1681.354016492408
96.12826168529469
1515.2531027572995
310.3535293859373
406.27109119082866
-0.6109527148539797
468.00900998961583
902.4973858939964
655.7696278228386
242.2101209410564
830.8728118105985
1615.459091166397
1690.141645221235
140.97483972982388
1674.208529280655
1333.0971314660737
462.48780778307435
-121.87915158115386
542.5617041970127
914.0284837912568
970.8047220699552
1010.1815814381025
1616.1993053217234
-318.78346498098324
435.69628898398537
1067.1392939683262
244.5691133662686
691.1794038861523
298.9344398447604
1564.8106585591358
835.9292756139807
1848.9734930067852
728.8477120810581
1197.4242012446591
1607.5096221569893
802.461303483436
208.42895836393336
1089.8337204667766
248.35486287978904
-246.40609039051031
603.4958176774721
759.3154283329831
1175.158927540635
1567.1214534256717
216.5345960271211
1816.4310255119633
369.3668223636271
985.2069162478795
-319.71725818645166
942.2504705751232
1124.266372694159
294.7647913085615
302.91314446848753
390.62790185601284
-1044.770664889058
376.49333276120444
-169.04579087389328
800.7874953092644
836.5581291164228
460.10220877443066
1503.014175271042
703.0163653978981
-287.1427557909248
707.1397475247531
5.610855552355943
-162.02019617810762
-244.60077597593548
1067.9818397529648
-350.70825542932187
728.5100431775852
930.1314132433943
868.3209097408361
605.4406895564937
1054.8540317990407
1632.9994358801177
-272.17780008023686
975.5716546546723
579.7909228750436
1014.6198330611358
365.17894677155505
709.527403746228
281.98159283778216
-81.60184775104759
1797.055041194734
966.1106160305419
439.6698600001796
1068.7457535976669
298.88124810973886
-253.61606701993958
1251.3876872507333
723.9028534398591
1453.057249318231
880.531618327085
1153.4097664842327
6.880349247298753
593.602278801846
1685.4110386858245
1482.0546004091675
1442.6852663289462
1093.36577434066
444.5996551584308
204.0722037044044
1045.6467167423818
875.5718694904886
285.0141687556343
810.6101925160342
371.18651085081
502.9250679336701
902.105137839169
385.0815984450133
1481.3588201357695
2055.6062550947418
1012.3547356615923
-11.872808983968909
603.7347797392811
-239.3076868145202
231.72887587253337
940.9702317828287
1037.321787863803
185.13825533945203
-259.2673588911651
452.0367997971739
82.58120965156223
-125.51443103628048
1183.1868141329965
528.188526794301
342.965342704002
1069.7170562289512
880.3647762989096
644.1498419285701
1652.2023273931343
114.97128893753603
429.8461709403434
1066.457648677022
233.918289788435
1868.844869539616
1485.5271113564786
-135.4002407030236
1116.2829379840807
638.6061312635595
1688.3124208260797
1857.3851888336287
1082.0905914213286
1157.4190436710287
598.8527039694532
803.1099148269843
-569.3947731687647
823.3219334886219
127.07902216780118
527.5819596337456
2105.386793399491
-49.33646385878764
687.1157815374961
-72.17224724335198
449.7361634433272
729.2411220197944
1053.384059448759
174.12264317995658
622.4334286378144
590.4799549352115
643.7525426207162
862.3121790636678
1023.4448311162373
1203.7966419764855
136.7047619472372
50.858843083947505
771.4437726787262
312.27034464064343
1491.8173781921028
1063.3006326803443
1913.9149051201127
1299.0502925132882
576.4541193510695
223.81677386515264
-63.903932187548044
1013.447783300245
909.7502125980818
-78.29412542947661
-12.19548857478658
1373.8118015932223
444.3403172074178
2150.209983323515
724.5014477036641
751.7501337382027
954.9425430891149
1350.0399222643903
756.9813269602031
979.8602555857374
214.7245953321941
1430.9894882677388
1460.0183278220077
534.4157478865524
1105.9623303687204
1048.456849921482
284.3377157520501
1410.9588080684282
1591.4584548027399
505.1677963986797
1082.921623189266
1287.8100401868157
403.33509420424525
317.3413416812824
422.3806934169164
297.2476145182276
391.3502185818033
1130.5257702520114
430.5364644344054
1073.6916603550744
621.9988452525404
554.0869959042108
1051.9913701402863
1554.3024011201521
252.53728850992155
713.2129939986576
310.1197056347546
1132.8387871465911
30.969350280375693
925.0699925850902
1158.1287828227903
1573.6925634342044
1013.3781542891095
1320.103924181715
1364.972142070751
777.1244174178998
31.501880401117717
409.2435970987558
-437.44663967396787
936.949634749488
1049.595674135123
385.25687048261887
-364.5618417940085
649.5832597389899
262.48407540037056
926.4588162425609
910.903762835429
983.9553088143709
1285.2526280758605
149.4481952610339
1155.2956230609777
922.6867133820717
-328.7109955606393
184.47311706317714
1644.9984717336163
542.8407866936684
1121.0940102545212
410.92506891256903
391.38734133704384
926.0734074073875
59.71060217985337
1432.250355577062
1395.1970146094473
301.5776773810059
201.58040897525984
1234.2015938029924
1184.973841341661
1019.6717258942904
435.0383166834714
823.5802783281474
629.5331714973654
471.39952019418683
467.42520548158416
297.6473310257568
182.39270092219783
-38.75555864213524
722.1766888262333
71.03643034243305
359.06257781770523
1155.6850959204946
1076.3108651547177
408.34163379160134
1060.3751251868591
1130.7386285286318
1172.5117028829043
1504.5502450063032
518.3840236348418
967.2766272775855
1063.7207467506073
515.4486970062757
-65.92686750860882
943.7346646473393
-53.130114030824416
624.2310237637925
293.0939371500822
1309.0370682600023
571.3592113508078
778.5615279915621
166.73251203456726
448.0449167918348
90.62245844599565
1119.0187433753683
873.2790791103605
-150.8785802540049
1035.7958859022165
606.7849235473202
171.59948201495217
1399.2441912305314
411.3141349538927
960.1567856263168
1323.29945875479
2501.3826614787436
487.2473226201528
1257.4188170197037
222.34156127250782
1036.2943043850034
824.023917129454
298.71175615518143
-63.60148817373532
1220.2983354744952
704.6451961825069
467.1834120604376
70.25994660257581
1688.7819709099128
720.5133283092046
858.5316402782361
16.90918756654844
409.50151629051584
207.08582517177547
700.9209060120334
636.0235876829599
642.1064742763692
1126.4037464093885
-154.08555456204692
890.191665844991
1434.563547312993
1012.4933708960709
152.27475927092473
1693.8023518964012
-229.94632757968043
165.65523024833772
772.2124533532194
592.466181248639
729.7168028370343
431.73041287267245
567.6410998538261
562.5524982040164
1087.2723515251082
-97.98022235871044
1139.8500099650385
2074.3082880919214
1858.8287512395561
1042.2062105941188
929.2153158545034
1442.6356568731296
903.2482831981549
557.7777186964836
494.44580005237174
895.8985053268041
843.4897093152256
918.2805575172017
1180.0707632220087
1297.5638695822286
1993.204211657685
451.1639509521244
1181.9955213352669
1171.352747184649
500.48504498810155
695.5182994372708
1123.054343708619
643.8842689663784
170.01766028221493
-337.76318288850223
67.60902829009976
1640.566390182522
283.2917400845646
25.73763201044281
456.5916281486674
1190.7550689368256
746.3247735638628
1427.3664886687818
-39.80514423973631
855.8546987567163
1332.480426111438
1529.8787638342478
210.9116281003869
301.26284026716877
274.56578485382465
315.8344652012494
1837.01016459931
286.21284623227587
1537.0815905842903
1245.1596136384874
90.30453800540141
722.642650273235
501.1073426621947
712.1981896517891
974.7377762480994
826.5078401382625
308.9833505036223
979.7408732266299
1095.085748538507
374.595246245968
420.0315569556195
524.8808715294975
1860.1931904107212
1848.5261826521921
-51.88697630067985
1879.7131861836629
647.4997750122756
799.4447024439812
500.8756337114746
292.1807613239742
854.7784584267451
258.2056306099119
359.71523466151393
998.8935311259161
177.62518573904458
1085.2371099982024
502.2177961431315
-59.73134163990927
543.1245201905551
-172.9399242298386
-381.0924877316297
1141.8915942242706
890.7353084473342
686.2475159516594
964.0361564355646
1081.528228817031
1412.363234146897
1154.0513573741935
336.14995055073484
1620.0090081912474
931.9365879487802
396.94765764615875
541.6254436956837
1388.2518873594518
1315.3330646266538
219.19148540046228
118.40691484500286
563.3357911059401
540.6549834796285
471.09861999346845
82.2652084587069
285.7419430645681
-20.44027897189993
470.0627598152846
905.467435220182
-823.2349143527092
1630.7145467539356
681.8642505202606
201.61173398311593
1213.316953562271
670.5284728602078
1099.1377689141293
17.2399497690584
602.9039728201733
717.1791388153512
482.3154468124916
263.03671633260024
251.0997582508512
1000.0808516364434
253.98837942526467
451.3474427327491
1084.6601714963465
578.836971311079
49.09312447421718
589.659256105881
-55.46245993007625
419.427680484181
1184.1341613917987
1366.8393827097825
419.7582244513296
831.669281906483
278.6410797030407
417.4428239910076
678.6394482221956
1928.1369034045865
893.0466417523783
864.6510785201513
197.45789560887278
378.13480361576336
100.23139699447282
-218.4295036296275
-266.9122256202521
135.51906757003727
435.6361059972854
825.8477168083763
1015.4777778181922
789.418947593683
680.6411417849465
960.6577490277064
241.29195530611105
369.03269201529986
376.6656411523759
502.39001726972253
1129.2017714446113
417.19176869680985
-195.28343306247032
1767.4391050362387
1125.2579220312673
620.6250221022491
286.2893611405416
319.6254815451825
1470.722487556385
124.07614599177467
900.9357668172873
1578.325778940987
1677.0990715824757
-0.06493684634249064
1900.2711606751834
93.55010182352024
321.75129828001707
243.49988759048898
884.4829605229188
972.4202677583214
1153.7909357317458
622.9068609461635
241.20044876082522
1651.3185415091652
1225.6135315929894
21.853331299372087
384.12158562937304
-100.83557753431427
165.89382068994848
1274.2177747871929
1727.1774591158046
799.7208683075352
532.3072811326434
-122.07653197901828
1562.607597769019
634.8030575968296
43.192823316531275
1385.9334448320135
108.41967947913932
186.175190552032
889.292693493095
76.37412810682693
373.8322389824425
458.99045122609766
1301.6356880905514
424.2739205017756
689.582933905345
468.5766537039508
939.0958029549163
599.0244307946818
1475.3098082445777
-393.5052108582019
413.39563017089574
1043.949715754787
307.05132982662155
1310.7707926005596
2043.0394298028355
1081.8922581898091
798.6982902070423
1058.990520332595
208.8168298364131
240.36940848334928
1162.8762699599533
1183.640227901763
87.05710549568178
1111.6833940390472
1369.4598491049383
1077.9574096443719
1044.8379291653766
497.33511448890135
628.1852190290989
123.97764555580005
1380.8113149683045
579.895983142637
1497.0990116305547
1446.785965743679
-46.970804499392216
956.2303136477658
944.1691494845008
1341.478589700675
237.0494219846455
323.1981690096902
898.8723231962767
2113.2866659169094
1398.055549945278
1217.1644558959092
294.42703538345876
283.6158476476214
643.7981739810403
1296.9651399258596
825.0371484896314
-144.28139413758538
812.855766925121
-548.5903786752866
804.0223696919509
632.1804135779693
604.0390099241214
495.11349451033766
76.1796713194563
389.3757005521985
761.1157347928702
3.654293490945065
-151.82358775897262
641.2638167537696
144.21704055171676
1090.4344847875102
1603.6250679688974
1471.3958397923132
1089.9145395907778
983.7749250502022
314.8329304764715
113.78024037896043
286.8056281660506
424.4088300830374
481.5665773295116
806.1834943394217
577.5008227161187
230.864540543545
1128.1922767749547
8.16434358339167
-77.9290710801033
975.287990844751
1151.7174294481183
1114.9650023479116
439.8666475430582
980.9419439555825
990.0144596698058
1196.8367923213873
480.97763161217745
1836.8984456860699
657.2194141164485
859.1857678772687
246.28133683934868
335.90137710913996
123.17223973340106
219.40065104504845
1570.3196393868898
1855.5148654106692
99.43947983424627
832.8072511712134
291.2893939689521
268.963826148204
921.0954083913796
1392.8368983878074
168.06342332070022
-30.98315698676437
1246.111746122384
319.2517868072718
373.6068099213551
-109.59463814591079
85.32374090070059
830.4837981703931
476.7232264300601
748.1817819761086
1552.1817428237323
722.4519346692889
1011.6970461772601
370.3635793742966
472.72466869906657
2115.0042521126225
604.4591231246561
-323.9559197234503
1044.1813942043864
195.41736162626484
1021.1767707657257
-467.30960979448435
931.8758932172095
550.1328658998848
657.8829981153772
-176.1902133539136
273.91144501308014
445.94579912892266
1035.8908691916545
842.3011509122896
-108.94659197145782
999.5401718287224
-280.78909828086415
-436.57459103769247
202.5099375783688
160.1151215072178
430.96686881711
619.120131555454
1180.329487362759
155.58387674017604
1587.7448070110256
958.8977914485454
-408.0688969390056
445.565225758004
1018.1000650542721
-108.3535053690318
794.3552130838884
302.6830472698383
379.6164390670347
489.1283296969159
1183.2052534264003
1603.1825821965674
1357.9451533713352
2035.4176038520814
718.5085800858606
1498.0847098477757
-9.99680569096455
31.67708226039997
442.42896843761173
643.771757610081
593.761091373442
704.1811637547748
1371.5824356066826
159.6965045185387
946.6178165460658
325.51813501959754
789.318668029028
1097.3236043448776
401.0078884380114
228.16089446077717
1168.5912065616762
204.66133968659472
1325.2246186327752
-153.15991113574353
268.2209506598467
1480.3208773083925
897.2361797023414
230.4199922185718
1081.848278729235
1264.8762455108383
1274.2375401392633
504.2890506903143
1042.7028444224459
847.988796461839
319.278807501233
788.6744892275342
863.2030803782795
1215.59713973387
821.0671691174736
409.6455261514235
213.80974396299052
724.8902505186281
1090.5983725963274
892.8822518430321
455.96736455265636
249.5558071860517
144.96116475304348
1575.1294342214455
632.2126261872314
650.464569668001
76.33032382146817
869.7129870156016
1460.0802486599775
1226.936403871245
860.8701139148849
-103.9235940426562
1193.0841561087607
60.83356343856238
934.5194656694998
472.47630754228817
1730.098639337909
157.03184695997783
1705.0704552673753
1427.8370840911143
603.5786905071369
-49.112048640623385
488.7052732224429
295.7047503251612
602.7075059666622
721.9382459687163
537.7527145434417
229.44304980952256
1539.5736449087758
1910.3045275116492
853.6857012593633
1330.6398694837656
161.71824786581698
1215.885880903082
1021.2148119139035
825.3436870954456
566.4976165298596
813.8869903070101
203.92261119017303
1395.2169826890472
236.42166369674834
608.0381707470564
533.7406936010369
723.1427373450109
872.5391676960776
1395.7316870661462
2153.350016892414
361.2297470436881
-35.257612400325556
-185.51576714396435
1058.657526528866
960.302590133158
1377.2173541044222
781.928748538704
979.7525979093523
695.0308143811196
1400.8089029257994
953.915579758504
1144.984407539878
706.8436303910225
100.55300465415385
-14.700089600549134
1089.914673874537
-713.5866102444479
702.840552038027
233.9274314445846
1.7976222041288992
2244.2381358574585
976.678877179445
60.39543489181844
450.9671860858738
59.55079034322935
1838.8933499725304
857.9053064249944
588.9352968942534
1117.457120179509
-578.8727897534026
156.76103279630485
-114.42803854932606
348.5767695028363
-158.6334774568174
415.2659660869141
-45.06003665425024
1166.200024279122
628.1869387546094
297.01231534583064
939.8549415543848
866.7489718374773
412.56913641151664
193.46718205753206
559.6473990228192
838.8025239880366
54.7213680237399
192.8198198705452
866.1736951198809
20.04794133889331
649.2584435266817
1616.892140910155
-14.636604795794014
1238.6085812491233
801.1152771325206
1367.2650969160566
834.7934665503584
-96.93301743537859
1460.7742232501769
62.30127404389282
699.7697358467639
-422.79383482899016
-7.563655677031463
601.544475911764
289.280210966758
203.792384666947
109.43456834624448
731.3053114154877
2010.644027811023
514.3143564858565
946.2406664393895
332.90168622372806
404.07109940509315
1537.4732912764903
160.39079162254393
1198.222850736055
1607.5964994973444
1154.560057624352
790.685097503974
1563.7888554119813
555.6797833500276
466.41291548462164
644.3653281144153
1194.4862879264444
1858.1296240819827
444.9131490163086
1133.669467738065
1167.9169829923042
1105.5384380069597
235.94052354788727
289.7654411060654
640.6436303601153
1520.7728488052383
699.3120538557612
-400.488093364765
1365.6806543695363
76.44888537202809
541.5244424143489
927.1640534965047
1521.7057642987745
1501.8589887569894
377.15342229292963
582.2521487301387
151.92692316706098
-153.44174060719206
509.82163891919276
153.18154543828763
365.5922011939699
1437.918090859615
688.4878940911228
501.45024872250235
1350.4772632085762
1199.174893793394
-97.47409624764491
412.64059247361115
58.98689561199956
1146.746346470171
1098.1438223273528
-640.5258379617751
977.4797217511334
994.5073308180765
1244.5037689796827
1163.525839299869
832.4833127034462
576.5094052616673
500.70964085985315
501.999889904107
14.056478025813334
1551.7584273072364
-100.44837142005788
486.93524534225435
1163.5090560714243
35.86047404425025
-510.8753915113939
82.08915839179858
851.7022260100073
1089.0711106886897
658.2941722791485
463.81112250255705
867.976486352037
600.9449988212714
652.119562820443
796.0683366025473
970.3485798805564
687.7158594864386
594.3392307402517
225.99943869144658
821.9784463782161
1116.8562455884314
121.97385293483009
880.5510663854955
892.4212172356349
-12.782672933299665
146.14691418913299
746.3841988574233
1333.0571656897503
-316.63209938517286
282.7420702574655
1196.6048695172133
874.4130821061282
767.4039333633255
455.12191815938286
648.7167226206435
1081.6369363263393
56.44955989113322
953.7733088811651
98.83362904702275
15.534714222070676
252.90549036150998
1606.9053290769568
228.8044599669559
837.8323589221626
850.7095868986178
919.9816416048895
150.987807061336
830.9210408278728
950.3329361000851
1527.2020352698216
179.88933185312874
974.4706469189136
807.137105237513
350.61554749080983
767.7624612337925
432.83176031321455
2010.006029652775
1276.5524655426975
480.6800623077181
91.36341793096389
904.4828494427285
-138.0227725305611
1039.83336497079
338.41099603666936
455.06606076327955
986.7366119482028
1119.2895442645656
718.0264403685252
142.5936864323205
985.0482579378852
899.0134866735668
699.2795536489614
448.80828663210536
523.6916578088544
-13.79707097809559
-107.04283612189313
179.02018163457723
1648.8794600663348
-71.98412365022085
853.0734112025184
954.7229495702811
1207.590637831678
936.4175302580609
1209.255312622224
696.1485665540449
304.31207396229934
391.0375356292951
66.43132195983137
1009.024918933897
690.2801969426702
582.0561442356584
306.9040236669597
1079.0323442810109
1370.5937275222611
1527.307416985119
1558.7245003772543
741.2683652501471
-433.5000024298264
981.7584125312958
328.3379070203109
1193.0491296940306
-6.003026515213506
1364.7977481121372
773.9024802878176
183.35547124691993
1355.235413492757
1697.9400933822358
1845.7707240877446
944.4381369369471
1282.5340895284955
-280.83233977153907
218.75043519598233
561.7809754589325
778.282283157167
622.6120890625939
655.7907653418861
975.3296829654096
-142.82937291984297
1194.5020506601802
1156.34506831014
431.64941961724503
383.08323929838355
965.0723865715524
105.19495126164787
1268.2722756420362
1133.0879889788123
266.936303138981
2141.711178012627
905.3275689200675
225.7574384661898
383.3537658093319
465.321990119234
-10.100054989476646
867.4064554531489
-27.633556397582467
7.27286649178599
1566.0767187094523
1450.9924297184186
977.7065837697432
58.60905960757026
1173.8787858229437
883.3775682434957
944.1341582546918
99.89856453029736
1176.2898593043249
-69.25603452801053
615.2388739294316
189.39976925287544
1168.2287268012885
558.0611357064143
-476.78957627011823
1404.3440044269369
187.27716233084777
222.99205981123555
614.9091026283722
275.32450910591933
775.2205802820613
1389.5525831079399
1217.714529584522
741.1165937185385
1602.4815041843874
320.36055640948365
130.20582541719497
1212.1177775799738
670.7016829971642
475.4236146616546
592.1594628450518
298.98267789152993
-64.26823041697804
-110.43051910660103
605.5431352521242
337.72256753058866
-215.9845329384636
-112.2903207044093
435.13500155885936
885.6518690030855
397.80585715799816
249.06765056753443
-22.879372145827986
1357.6986241317402
793.3264868183797
807.1655328760723
692.9722222530647
151.41378350643316
160.0816131272141
659.9796145049405
943.7651960371177
180.53436446787362
616.9788857583561
684.5268809524923
179.659572690022
1001.2422156760563
-176.71841029493987
1079.7656280568758
231.89785701317027
153.08798946555362
645.1714077145432
174.94138078966927
436.91905753292224
364.4055003266403
1299.6214995952546
617.9394046199878
755.7490183945458
1901.4408122577854
443.2549886021726
-459.14862715931054
434.7755722685399
362.8888735064834
1686.8893625893468
1370.8219969980037
491.592277563944
1338.3835651934562
229.07281274191155
712.0130556971602
-278.8154355860157
418.4521457141734
84.6349417346353
377.2559078026959
1248.4497994733379
42.97874076689186
1812.0258285223235
550.7310363319652
1344.190616949694
366.41488422160296
1176.2608873167255
513.6430726695199
862.6675584516477
619.9544039798068
385.9245855545108
1288.408135968115
1597.3583756939556
1752.4067872869073
1461.1904314336498
698.7333767862231
-16.940182253987473
647.6135145748286
40.41829471005249
665.5121092369129
649.1687438642758
434.65111285218757
879.7054305360457
182.00581591774306
1138.2714452265059
527.3496722480467
947.3446130208356
1012.291292968152
1345.7731798974867
1045.4267861924704
223.21818349482498
1288.9953585865278
684.3234764780525
906.5726392069482
1007.5234861761853
987.555171364025
1674.807495609083
-302.73023066361895
1066.0409119538597
463.35918910907355
169.37507489219865
-101.35525096583973
1234.8368489245354
1286.097555522022
-271.1534472324745
-159.76796439014902
642.1754449389955
768.7333997203738
491.38422660858646
617.8251172433736
593.8548950025106
510.27485539091776
117.48246971781597
1314.0395253024224
1261.7920137142235
854.5818822325014
1442.7573290715786
473.6824661758519
930.099707625747
586.5515424261789
145.60563757268204
-56.65505414253737
231.35917453275079
1360.1721774365676
1247.9326412692665
436.36889516228905
814.0394951170624
1231.8357006795302
1434.4077577413925
324.58991967633
683.3606384566788
-307.93489015348746
-159.38884281219845
660.198195774607
588.2700121766128
633.7436221331845
351.0528424211855
872.5889273700984
1587.7324112917468
344.0631060646066
1093.219083092106
456.9692322733624
975.4483469804345
1394.6482040363667
161.33490348507695
1305.5283059515496
2.886350429882313
592.201568128253
724.664426420117
1094.6018070052605
-242.87246246226195
622.6362943391035
776.9556308319875
824.1462366108294
816.7735768454581
1128.1068748228952
847.8357114521759
208.64186986970276
773.5442279182688
567.5973526681635
1148.7064447077842
1500.578302829118
531.3824582442309
-9.483762955217642
623.7285438418572
657.5057766320292
1598.6677218347577
671.6225065234837
983.1055990197683
1079.5507046259943
2153.0948513696176
1629.713867731327
569.1573688283472
521.170108850991
256.90455303935335
293.6623279307713
646.9436688518939
301.59611603365005
-69.91617105444787
605.1657785425235
572.2966114971728
572.4173554018319
-266.48409402696257
887.8296632104941
75.2370864311772
55.164201335520886
199.00465883738417
343.1555521851662
617.5492509639422
115.02875286026463
933.66625363608
201.10231439348547
1904.0491022306676
375.2399403412326
259.8065428303663
-173.37115613335192
254.7740174748032
-275.60659464261016
1885.5028169773275
1152.0426854308857
184.82173292842208
1106.466158009405
602.8595649191157
1120.682379565573
1661.54912651388
-511.93701989479035
923.7222667708927
1292.9183817076887
914.4329350811515
-215.70915359315612
323.17877367880175
1005.6246032936338
767.6497798602277
1229.3825934266204
86.41570232276672
703.7842724190593
672.0318843314606
-212.96121775063563
249.21374007130305
931.8634818671871
1064.6823985495791
280.70686284593734
-42.40900909963422
1114.97535434766
-99.02904296039193
-27.547481076892495
500.01624198133663
950.2082668719368
644.3795671734434
775.2221388463838
382.0916856732115
784.8265318330994
1345.2951836955067
709.3037745592635
564.430905776345
197.90108669768597
2384.0363480024034
1503.8943798455653
349.00194035791384
1024.4795431638654
2252.1903454124986
-372.0457896259404
839.7886148900374
1268.7784310953332
312.7608017438341
790.0052781907838
412.27510548740474
-116.36248804443039
566.2411939139763
-42.622763272882594
-335.91502496870373
372.6977487557741
400.992681738225
1037.0642444812288
243.68595594982799
1463.4325664502226
61.77724233900403
260.2889697783298
157.202479614543
157.905033795382
196.947483348471
605.2647326317143
553.7508767427306
50.19916964013075
159.1992507141685
979.8482332943672
1109.0068323762282
1446.008015848062
782.147542494024
775.5307453320358
989.4019633612293
608.4444644347823
539.2323868308931
255.44089141830506
995.7097198413874
1653.476882602261
442.6597629765481
609.0420075928391
2158.2478644349867
353.7774344452133
-181.6422451308487
413.81734713317917
-114.96325647383439
781.1695005523295
668.4417214043816
1297.368422558709
370.9905072820734
1142.288739701227
-71.62005623159763
961.2774463215765
909.2473534096241
1217.0467865327962
154.85218061187595
860.0992218226949
789.7826108287011
368.0760117569516
166.93186426493946
971.1649942947154
397.78909243079147
608.4968584249025
1725.1619650310604
-13.07755757360313
1140.599824324472
1130.8059900919336
1706.0707937341353
-517.6540315451145
1523.018760867022
922.3971950226471
575.7973529700845
1257.6731925016654
346.2860603378276
-505.77636493278214
-1.5431794796949987
969.6429354176544
134.9769981624011
1052.1603182425617
520.9719199588653
-265.83694370966646
879.935007717817
-248.4585527070133
346.337532370484
516.006472027705
-81.2288984532645
690.0148169980863
-186.0467025189194
567.9851926974316
888.5800460023064
204.85376265353216
375.8519303451697
973.8381569897367
720.6057709492029
2427.371514780196
1749.9346581926493
931.5420877817874
-255.11815509733205
470.75695592124566
175.5986418583235
1017.7878246644309
1131.3237065618073
1089.7945136026185
653.1871243704186
394.9005757059928
586.5562537562156
547.5682484910429
497.677792990062
883.0518630881028
750.2251410934252
822.8125424850784
425.9928157817035
633.1524983831332
1454.1303308269648
748.3286326886979
549.6088654163158
-102.81672934570204
1148.2284048212523
894.6823636384227
669.3693875270136
864.4968938927104
365.10482011723997
131.08668663545728
65.73593655991974
907.9163056205205
1355.9931436283682
686.2388318570095
-159.94872363185374
1336.4547280929705
1017.517987422347
765.5303415431091
409.4099003662951
301.6531533030244
697.7334840761716
1275.0830432281375
-347.9631784054791
652.9577400866854
629.681701938077
1873.203235267447
404.08520261770127
644.9252436255841
18.59744991004729
-100.50807849059824
514.4141691706579
1235.4421083303955
596.345616915028
661.023962545893
1444.4601599535974
634.5960104187222
1182.60150748022
273.5654467454484
956.2446809059675
320.5971383060271
1234.4610330770515
356.3390196183349
1204.7063278783833
345.7952638204057
159.8387869375062
493.19593082799224
807.2276109318957
701.5046424336879
496.2104419598851
606.6496236241876
1534.5443043069422
1040.3588461981774
803.667965744673
-204.23487223732747
798.1534849289328
380.5265034456953
1862.5531918485906
1350.6624476842026
1069.7529350122165
160.25971192470848
1447.8086460842023
1288.9144533129831
1527.1205037370564
-150.67386484634224
867.7292507225634
388.9584534927863
1199.395869323177
284.4314619301741
966.1428320181553
1411.9929561605475
839.2328497390065
1224.0265900949403
-151.98519813561256
900.5466658739134
899.1241576179058
985.2200324333114
300.5719869675607
239.55316666041585
1117.571538856576
155.53230711515738
204.83396216498363
-85.19469211020113
949.8952983687982
306.2174295434078
501.8385548124776
274.0802246520629
557.0951057150179
1427.3696975505052
317.6224330323545
905.6470345604263
918.8976432654454
1010.8967328651563
1248.8940704837903
290.1432723661766
987.6721250758033
588.2890750895558
1796.4283506565105
825.3622201886666
88.4958873796597
119.10839722415696
224.3236219911944
743.3793318991118
311.6714564187545
1623.777884304674
210.3890024337967
1421.2554097588875
-115.52801917917643
535.2729404930201
468.4686119278032
760.2156766371216
811.8283928884389
829.0747335123515
332.0212812179059
1110.9517315353032
914.5464848917029
1134.7518750823217
167.84401685029843
-215.85013555610212
1348.0780277836823
1292.2064850785175
842.0155970266981
344.4922304286961
-75.73446941446277
-368.9468409762839
1162.6633637164598
114.68678133520581
1599.9896442632619
1347.6925013652672
1118.882624375136
313.2679460784856
521.1455872364529
426.24862569352683
186.52220981727885
66.30569170678442
1255.8659005357374
1359.76935783316
1634.9276102446763
342.6023071397237
892.6276674562677
1490.4738720404869
978.1226502880788
722.1826474442814
1612.7503063524175
716.5522484849957
-310.9532915729799
1405.0863904672863
239.4276111935469
353.3305594142589
1686.9046561472537
419.00055919538715
460.1059227646019
845.1141492400037
1546.5394742346646
776.7102102882403
816.9557072760649
833.8783075813271
487.76871086317556
-353.91333573208044
618.6721638548993
106.55608796843475
125.14667494525119
1222.262541204608
47.81295090900696
803.5534433017867
922.6487071141682
853.9003098267636
805.1144254078291
724.4053018207497
1060.5223159768784
961.7527473819614
1416.0996143922202
701.2969663583683
532.4622170530073
17.850590344117734
664.1649640809865
1085.516517227297
558.793339360457
1246.732272222248
1452.3258709940962
504.8642314534852
102.14085402859524
-138.06217977859865
1256.042241618927
582.8413174347967
406.66538611919566
1229.4516448919082
1397.856781360621
766.4068027588771
216.1514887911287
950.177865846905
431.83494469637094
-210.57341808568006
1357.5430991135588
1108.519585507104
1492.9610894165
741.0454277334106
198.14170567027486
1124.5953863054672
496.36786524867193
40.42580084280249
953.6287243390736
500.2198400637807
192.07698020472856
1037.2015362288919
242.25812868074502
670.0738258475624
-32.87184860515207
1336.0471485183748
470.24871354852155
1089.1862284341282
254.19721376045902
737.6576841253311
518.1687048942123
1460.5154901249161
1092.7589275464413
330.7901976569622
310.433725389851
-357.86288492352196
341.65592774766253
174.49484726662507
653.3738525724698
435.7193814696718
902.9501400854815
1447.370424747069
1213.360069338582
160.27716223107348
101.85088090638101
1325.0002597069285
668.4088812103232
1288.431993311875
36.16803473955679
1400.4422324121101
331.53427996405594
837.3369499317974
1152.5514337593002
-158.07074369939764
2257.3292531922825
1039.5669957921962
816.0905821061081
628.7075894500756
103.2557170681182
394.6511837119559
267.92997509566817
1927.8937816970204
429.6325993262019
556.4399211396116
947.6379698223939
1177.4607150186534
869.5202606786453
-257.5127497434531
-364.7838508848158
396.6775933020416
1088.3272829910172
530.832130889717
922.80475530187
-38.96564096760726
1080.6162148511132
390.9444162559636
256.4949302759833
-14.94813733875013
393.5194278142194
1144.4558228396334
788.6570721897499
364.694543202824
1048.6022310291862
138.67252665389628
781.0018478307825
1804.040867302294
2164.2247578930383
960.2718165237798
443.2217551982201
1699.0862076922792
1394.3534318235045
224.55197842025814
167.64836294073848
258.6719237224089
957.8511358369324
1178.9454764307852
-238.69158817315926
-197.59244181174674
1474.04328734832
1027.2675054474312
987.2880986915177
839.7932091102213
746.0265404347476
371.23430765452736
178.81820572407776
384.6686590989119
1097.0442261614348
1123.8679339429725
355.73292887249335
1395.8147019701807
794.132841280724
596.1297772708216
242.72685965118274
515.9955338220474
136.7546160447074
1010.2886310707038
739.3784793955335
475.32656049452623
627.8792993725915
-37.58328128140559
1213.7675490482927
654.2863095454225
1253.8706840738023
1216.5152173395484
484.4692534326822
1090.4733219107163
953.5574022595265
683.0815838993383
1031.0419592919113
1045.2103719113804
289.76519885531775
1199.8628677131285
496.656275751767
520.4308260243827
-406.84157930429717
1505.2294238672614
1238.9948008351648
758.2029437368265
932.4863303855022
308.0330023395078
1352.425081796771
1141.1989200129492
1333.887587248156
1000.2032503129203
815.7270576287635
-172.4448676105366
947.6328878915624
1022.3304077149367
1003.2503709799896
-107.35873106227528
700.5804137724435
636.3730205725227
785.556128080776
5.350206289118361
1273.3587114997424
685.1689637767455
-141.21090143340837
350.465357650958
380.10535436262114
828.2598558428217
670.8955164605591
597.6349675982651
348.50288213493445
966.7822041718011
874.2678671111769
960.1289305354278
851.0641596938007
267.3119645105751
158.6159531549714
671.051688870682
1020.0062567588834
1376.0632029748926
976.7350239446766
832.9664314157542
1050.1269471289122
738.7704891913493
79.64516449803881
1239.3598180005786
442.05089656984774
1064.1327731787705
965.5510075839466
170.83950466714816
1065.7976017722556
-514.9037944833983
546.7880682053985
335.7372455485563
599.4653604372583
-337.397642525862
1021.9530800914183
334.54683921902017
933.9780572986731
560.6623496439485
1209.3067326836342
827.4465520180148
769.9736012499052
844.3819810447877
1284.0371238541309
605.8922335353757
1135.564505091239
1361.971783666814
442.65209290085807
-68.9097129205915
643.139741335902
918.0041817656095
1141.3417457885491
-43.52132211497836
318.8585172231277
315.2262328180421
776.4863830589983
-35.75785487797971
1007.3520634892802
1281.8877606274757
1379.4095790549875
1544.5642171929799
362.0283756172637
661.5681170217135
631.6670002278303
500.30349123759356
1026.0856561087242
271.65027566386783
266.9778277787666
1044.1881518805678
1822.0033163550675
1395.9110621123739
2088.1035479158513
661.2076248116043
965.1090753823337
714.6672168994583
882.2619004430387
1717.640118702348
940.6418070281043
1877.3556798128895
-15.044927273447868
857.2090021885849
2586.2296865407843
1346.5743439400367
1377.2404939217845
571.7243926955703
136.07172978645747
-43.534561053356484
304.1505271409816
778.9215002127353
28.15074022837379
1201.398253027998
1247.3507923482564
579.0136006871535
1180.923704412833
482.419338302058
1061.1252408989935
164.77029965283475
1784.6336639724311
291.8260379184759
-77.5668849349701
-93.91660592465193
1036.1070396646933
338.3627635093945
1465.9167250532964
883.6946926971186
422.07000534123426
939.7551587180033
2168.377394885486
849.2042684758235
1067.119133825455
773.5268837878311
813.4526808962148
-176.98424882775595
118.08744543091308
1021.8300406187825
316.808756276149
344.79826556919807
-45.4786429978257
232.7074805459967
400.57612848127496
1417.6436098154495
1111.996138874463
181.41696249786918
213.2227266924051
716.3864860325641
266.3251102871458
377.4562655512689
1292.7949360284974
630.8300590003525
624.06784500315
465.8119626888514
422.2960219259645
425.9342506067351
2139.2634267927883
512.2594540929613
475.62605835590296
993.6251027204967
205.22178881974423
878.3924121521857
802.0860192151808
920.5571891732336
187.79670656488918
-258.98171694348423
1103.3563415028052
-3.6130229606928452
1116.9475050731912
980.4220902941154
405.53203855173956
1013.939769851256
718.3796488413619
301.0887120664493
1111.6434394203905
259.43496438311445
-41.79055189568264
1395.8551250794067
1115.2896143130336
776.2350393514189
658.0673493542834
383.209733699913
1487.8998359249458
448.7640208756935
-131.69856580606702
1164.9031253760345
-99.4987993199861
210.73383348724565
1267.3965331160684
-101.10142779308795
1985.3066048472947
1173.0302206571816
1041.5595478505093
1118.4443266362377
726.8105492771565
189.91827145236408
978.7397730136502
369.11328399320314
34.53503635191248
801.758392538728
1036.0242453660853
-157.64212676152437
808.4094803388068
1588.8061164200726
2016.8861573046147
78.72801123907618
1390.8289534700084
739.2412431554716
1180.29967824936
743.4989281870448
637.5809805404698
374.3570966924166
246.55282111866916
1044.3086095699653
995.8709191972919
987.2908885752915
1237.3818849907111
485.6948472785326
459.46807821416337
63.896702966405314
1399.6970773019561
1211.0879908405082
1109.6127242473676
88.25586573502355
-80.18113091803845
473.3916333553768
873.1520354071907
1167.4612836156145
745.6240565774519
1803.251060764696
243.282280406866
496.7549923739167
477.3826965106259
1180.2560748996066
430.07847083918057
1511.66655710519
59.93653607034619
663.4634596225426
581.3560337663918
840.0198847959997
488.0766026010424
1081.0939603518045
1570.9660174834878
762.7641512476829
840.6923486525297
712.82816363059
956.5181580721555
2121.6718256275512
476.13532738518154
954.5336468937537
642.5005951340588
477.0916244283801
284.4211127468506
-773.0591236880105
203.11641671266233
1323.076155201928
1291.8619616814012
829.3647248415376
220.5709672670239
361.64643688670566
1870.7948236848679
-40.475281784616854
949.7405726206084
1517.8506242227654
687.2200723568826
366.98234791573725
690.5245266288689
431.5152517543311
462.931981035489
960.8948263505445
2567.38621875242
609.8899575725923
1885.238523046638
1097.4805838124742
-463.4192596961841
590.5659152239475
780.8466545269672
432.4399567385659
80.25853654867004
1258.8159096542302
211.5492948318323
-188.06538530371196
2019.0083862351644
987.1627133745162
1449.5631365594818
1504.6606096912103
934.4963379863893
519.0769057104196
-10.239983807791177
269.4272937370165
785.1060637642597
986.304199178662
660.6262938102184
1051.8646602838244
-47.13338127570455
683.1451069289151
1220.8223227935798
1122.9319018341232
-259.78617505499085
-181.14312235282245
468.5029445135425
-60.018804538233624
804.1773984273065
983.3364655420489
797.0555936657382
815.9006472953839
78.15658034886633
1624.9833268697193
-265.2267023955561
240.3715160510082
-386.2262708561751
942.514710742149
1056.550176115365
599.7374643674273
988.2956256222778
486.01284102647685
1591.3967625964594
1084.0914615088705
488.2496852181067
1699.7635395877185
277.8732047173266
-406.65425000194557
487.3146453337748
1264.8464263100402
1946.809234779494
844.4960150973703
869.7009558903856
646.595879502488
-124.95625693866543
142.96798805115282
328.5780998082928
66.63330186520426
916.6460609030219
1070.6086068497366
865.8977432810987
516.5728353553538
312.08385745601265
578.7124971866401
1035.7850743535844
1029.3339916609864
554.0262341086573
201.42943415912396
1670.1018048621243
191.27961683679
435.68958759402506
376.7644673644489
1149.8913238992698
952.5128614467374
995.5055410209293
32.86972302821749
1010.2579842535358
735.3402151453295
914.4186526446929
72.20699550430803
324.8342486915583
707.2481347068394
610.4557907725167
1507.0205912086446
1726.885087722032
1112.4037137531998
-138.27865524290732
-279.9457715591702
-555.5042286393825
830.2519989183434
1087.2202275340012
373.4599931100422
836.7273744345989
426.9531259271196
-414.55054222230376
328.31875684808244
1030.4976620519897
639.7317965711302
320.25491307203276
580.6601486842945
-7.953877638729679
614.0719067776107
1084.678312622488
-426.0927168099877
483.7574234724358
318.4036951273009
1439.638433075077
1403.7683289868555
406.72894776043165
1200.917225011354
624.5689102471399
1309.033599210732
850.5273164756322
837.1996207126956
811.4978455639464
-513.9480420899133
-209.96746698853423
589.9290467302819
1268.5467612539971
1412.1633200405295
392.1885516346336
1255.6811145262607
1525.7780622759974
-159.46342958599314
404.6949620641826
56.451674925879814
892.3869130561343
586.5452687065919
348.29351986112005
465.8488034191007
439.8788590851274
-207.40190778944265
706.7054656572983
576.7908021666678
536.9965451821821
141.42267440896234
486.2798984898137
935.5007902850116
257.1817190484273
988.7596475048483
826.9346848382759
113.08166588304988
457.5384600998851
1124.7581377661163
1514.9286585576865
229.6485900536453
615.7963026805689
1753.862454914671
554.8494798189604
13.958400302746071
-294.4694048165725
163.09441472862778
1223.9697462015845
485.0648648037252
1420.4317720948243
410.1626738894066
771.0630879997223
460.1749491449698
955.6689350162019
201.85834053051587
287.69545987100366
1003.1655699222958
1193.2050358998756
600.4264761667249
676.8598970036005
494.7214334357549
878.412869904811
2105.6869503795524
271.4179413219856
-110.0123783262632
-378.8771020384763
1121.3467673166172
599.0601697463092
1207.779789593915
1277.3418301165432
665.739316046042
865.8734022675617
693.3264833949966
445.16199763653356
-102.69296966870635
91.62629039064689
950.2174884344843
1016.1128662379476
504.277304037818
820.2042038708296
674.8315482479738
503.2947969368863
1468.2763390096627
-141.29649013824047
1297.9648363341241
1047.490378189083
1543.3854780595332
-50.266494777476495
745.7094708675309
352.16184657163876
668.5829607840662
733.8681408647451
459.9342251479119
1057.1963430647693
981.5896722088669
251.62878343990758
980.3645525549264
-93.3576875509439
261.3561123918361
1703.4651800119568
852.5188635890983
267.3781182942113
1358.9898877049382
184.62968500774076
-19.83293963567509
574.825445055815
559.8656641558069
1620.8424819218985
240.00221664117703
296.49933358693124
-177.80006202413296
557.1333279932715
978.5686849195251
482.58429574806337
35.99075805510134
1020.268660267293
1363.1526699349968
732.3057684590044
63.86943412365278
1209.806043051377
2142.3113339512925
188.15460874180224
541.5210875106784
95.28440052775434
-395.7184864429248
774.9693814850782
936.2088677583988
839.9378950542391
499.38531468033784
1462.9687853975627
622.4033101236655
1068.7113323256133
-117.68373888121847
336.96718425193336
491.4110644404078
406.60152383734385
113.57684374740748
607.8857049859064
1228.2374754543764
854.157629505798
999.7330908794654
-165.9466425936706
1134.6572410318288
1029.5575777167942
48.65317873076444
545.5699723105104
1194.400148567036
386.6623862987841
1176.9682825094608
905.7856718623509
1032.0179915963713
826.859283144131
487.92145532291295
158.77003510253775
878.8795757636084
2227.5744321966454
848.6353448194998
722.1191523146783
1416.8453513258733
493.59825411896327
392.741725323408
1253.5007170884264
994.7694217150874
738.858820733188
137.92289395695727
362.46605532449126
1191.0451944120784
402.8052433091392
752.673767222753
1007.3797452603321
933.1844978420288
-109.60579216636006
972.4511769222311
1354.1284264165163
1373.0798687146198
263.3917478104273
1224.539892110152
1094.303206492036
126.37611814800542
1691.3489639084019
783.2005004293101
271.2715228079717
-250.05847485515415
888.766359015591
838.2598826293124
-125.11860744408625
291.3111304158503
705.8067794877339
1006.2749834334622
166.48046347015668
630.0225402773416
355.2620237298024
638.7047748835042
453.62234240805356
973.5665808986291
209.24184840710365
925.4645786980861
515.7977821643419
2089.351272670777
849.5320688196948
157.28432975685575
308.9126776339832
138.50096411105125
338.7008481320149
197.92415385281652
1350.6885408666487
811.3143387920677
340.73128827968725
241.00471684211288
1403.5131112947824
907.6561751273312
1107.0525494523772
18.45270673282863
-40.98936755657924
328.86810172635944
74.56709286912039
522.5424751869849
12.898949307862324
77.14763891259332
928.4998472106204
503.95662323457896
782.6871612492724
1095.326243794748
1493.7273080116095
65.62880752458506
1230.7782446113938
564.1247666192766
-293.7333193001409
261.2770321574316
491.47716711101225
1149.6226362683403
-98.3907602113921
1155.7984593678027
835.6490036186582
798.6249252853634
1635.7220385712176
899.9337077979087
1343.2303603197993
1195.7981108612287
305.31286304408985
1162.3670167440653
1308.615595075563
-366.76159021360024
828.6281771272467
654.8151947704291
1311.3643290359255
499.52526734724574
603.6944871460244
414.8391286178311
385.29845628291673
401.6585353497745
2039.601288190568
1663.8204218896221
819.08180867587
1087.854521735768
957.2863427350912
361.5611342417879
941.8851594303026
504.66860561665624
-70.95965542419596
-279.63777520438964
2.7589277606548137
536.9820719230845
-229.6853305554832
218.61452703473884
32.980794638072496
545.3313767987236
551.4520205996196
-19.75887407625379
897.0367046026118
1087.0915244904409
1155.0872092975967
378.7277760316062
-135.26357361653515
1237.744361345566
1189.7765934814975
-216.56956578117604
933.3198207334965
769.4455026530354
567.2282225092968
890.0588642103629
1068.4005614610114
1404.9896522315116
74.45754284763979
50.64549199948061
646.9607613229455
-129.56091829770222
351.0377266571217
1008.4489935172089
-116.0361747567619
210.55648071442408
13.335405557941613
296.5349478084437
397.7841708233577
877.4506429626452
267.9417710692205
996.6709327775459
508.34663501066996
1228.9030379541764
211.7488939754678
-355.11845495313605
924.6188565303748
1236.8322652715904
724.9992258364996
1163.4205520104829
88.43584744994644
457.57369322029206
233.23666275934357
316.6295987397683
959.034155248115
367.01980751329313
1558.3278156786942
-120.45402275339484
1265.966904789879
412.4680024124077
1278.965726673342
206.78212432481462
1505.3905300353345
169.21558436692726
625.761155314582
379.0649340147255
1199.735334778207
-41.4868532691613
839.5692555864189
1192.3074396245606
865.7107513939355
-184.98598609210043
13.126588410926388
463.1279104190261
-287.25507511428793
1647.435066783641
427.77578018570125
249.68168054310922
1632.257356683503
1623.3267759882967
499.9663197702854
910.9309670945156
2055.1544596880103
1581.5857250458764
1902.2939225056366
1228.5320131787837
839.6656335672183
2112.6535856678593
815.9157304965195
179.86755353921143
1369.8657098060476
386.5554478688781
273.7186287402167
1633.9916135888864
-280.8442401001877
55.640230331964915
1244.8616741551211
19.594229338070306
777.8091964443504
1324.2514135930498
199.0993926175487
579.9818885024706
857.8721259604725
1225.0610170649443
229.9790083158827
664.6600971603177
758.1381954512888
-254.65925607650962
1078.0342409643918
2090.0570653881878
25.381876649941205
1107.9111575181942
755.492480435139
70.29744278672001
-229.18746526791043
97.96292953311558
787.4247106996972
1296.8970146543045
1005.1772537732502
1703.0563507632046
507.2227287112206
754.6084918125127
638.8295566587266
325.6320711859369
836.1771057422555
928.952912483531
1140.2361829991435
381.7452283649359
1325.0697621188795
714.4579077377989
531.8835679984023
-301.3543322396145
538.5478753292239
199.17136885619948
987.6441373882724
976.7869119857792
426.65120311429655
804.5737541528282
203.38815089068873
2262.480445088264
257.4497664100159
546.8523867582937
544.574975394599
503.69023616141715
312.64089750813594
734.3593650710939
508.6654633423011
1127.1662352270791
1073.3805495531851
556.9545518001504
254.0967677643539
2347.759930892598
1346.6421260083432
524.536132611601
48.316322693098556
1220.303730713789
-505.01032364196544
698.1848642155026
-212.5231186511678
58.75601346296037
403.83597972500274
697.6502408363569
1218.1339950686408
140.21656489205498
1330.5380694263486
1354.4192824107079
978.421421847396
373.32921160882523
667.4122908055215
475.2609432144834
653.579283550139
150.287102516181
624.3838045585487
583.5870175810768
180.4676419100398
503.981454881029
927.0465066824177
1195.521107727156
1002.9296576134966
1093.4023496480736
666.9955705444186
1062.8708000389224
-24.57776168524775
1242.0608401756595
1642.905689694951
87.8624719628464
297.9388438118509
999.0433753884745
1048.9736105766249
1179.9759850093048
235.03383805822347
1087.5994252907803
1223.2266089072587
311.1977245569694
-286.11125586046865
1443.5743494461894
302.9438335221695
772.3403445259682
1566.846954108899
644.5064723672722
885.1053908500589
323.7269647182884
841.9985071669621
1006.401631762365
1240.2424744907466
727.5554691402511
252.77466276356733
844.889077775577
77.02856066789656
88.52272327137692
457.4538343997938
1390.1507922443002
383.4948117948945
248.06409853040765
903.730070456519
87.40007840271434
193.41093594762168
538.8326491281811
673.941841767994
1456.521141418074
-132.2516040618058
503.9000743370989
806.4201398452755
43.49754288196368
479.6377057778883
822.1476160456965
1164.3427471560856
309.5563398841106
-98.49221758691858
1224.01181322037
224.93409975572092
1260.8392091554158
878.3570735787163
1074.1916208258185
1148.5021863991353
7.228650213825489
301.27150857988414
263.8699465161088
485.9540711922356
215.83195326819316
824.4885189001056
802.1756296237319
1089.4365379469175
815.6338362636159
1418.8384400770651
1155.4047745690739
368.2736591007665
1741.7416514055355
553.0956011779529
-86.54016863500706
332.48556460618636
454.55418111016115
856.9921131140005
225.70816801239926
568.2865624718
570.1980545753188
-765.2537288996344
1195.8936760284844
203.48383455416217
2263.385776645642
-165.18622887494996
592.0665075443728
688.4590218925719
363.39497557299495
1134.0468343755767
606.0650556220305
1199.5355289156341
1076.6433336569112
553.3847605552951
1116.4202770306383
-45.985916600149764
1482.3604151716527
163.40265512584335
1255.2112175535642
1444.3665293817987
254.6813815684427
1176.6124636914992
237.1875510496592
1099.602349357875
1660.8497037675254
900.1580835105326
373.7470076643874
564.4302695781564
582.5136999260491
923.1277379824639
1218.188776520954
600.5267766313198
1277.2695880440913
176.63334433232012
672.2111621148739
51.42421844795655
867.8114048869193
1532.4505866532634
952.2139023648526
214.84937336115013
570.6397713957879
849.5628534134487
1.4958023829692877
529.8576195999477
531.549219655345
1852.722994953329
467.23915663594994
46.12128897390431
1172.5952720684197
1891.6485750558606
208.25726877270517
451.5001244633389
1470.4063795253317
689.0980813273247
1030.7192340170063
894.0441043887378
648.579419042268
1196.7079437939242
1275.0310994572076
470.3527277173089
187.0983202512191
-200.73080284505681
1607.316715417185
493.4164229453377
1080.9687910641642
365.27222856851307
712.3183154490548
453.0864943580111
518.6295625033185
1077.7656533749098
314.5193354137571
535.8327096512617
419.51455138686254
173.04110940840326
1688.2141615302044
105.27429987725642
1430.3773065306752
737.731753739014
861.4925547457017
1347.8660216383369
573.0240180885035
1049.7388021318545
610.972597622033
1313.8726911946605
565.4888954314208
710.8836451987402
1400.5323010609086
-147.46806420912168
116.51943701979175
773.4920948633792
1832.5552679112864
698.7577108963917
211.65662327305301
235.43885139593772
786.3868028067386
434.81372367946983
1322.3847795588335
896.4524817608959
-100.02868065040545
691.9194168330313
1399.3200284042496
400.78609695068735
469.27549040517556
702.0060552884488
1058.7065479300984
542.63068529395
1048.8842642047618
758.237070075377
770.9303005146488
576.4106271058175
1047.1089286457284
959.4091564083303
1183.8416737041018
971.439120008609
1866.0323284246879
236.6241178749014
16.993040125259427
718.9451004310997
727.8018423441893
777.4973086796717
14.242367907226992
1346.8384295038823
435.18264403260855
543.3179798805487
492.610046770822
1464.6975317362524
-374.004872227724
215.25216907515244
791.9481782602027
1134.0956331721652
-250.10016287206653
1266.2106900656338
1275.7346416829264
1536.60979246401
880.2205438660172
787.3810970987815
581.6488836609801
823.7627407573545
728.9856595891883
-13.409282119875215
784.9381806544516
-106.24461122593105
-92.35483635968791
1014.3259237199084
-19.96655050675291
310.7772624148218
1337.8856680236781
-154.8308536136616
1916.0045961794788
932.3065477689624
520.2772706751259
888.8293535909052
907.8729453941248
262.76860009758394
-381.3446420251616
289.0372239166382
1204.519126347312
-21.3101803286972
456.55336826587165
891.0478203561375
469.8819588689437
819.3808470080896
913.9647896315935
366.85919179715773
345.22159225779603
1235.2003844970125
1074.0324038826348
384.3963957664465
558.4469415114987
532.5779624663919
1324.369848725539
875.6771224071726
562.9037840642983
1523.679431319012
-198.71772791196904
-192.25538890860273
366.83994625719515
963.1370627078643
489.99805463498274
1130.4126860723939
1011.6580471035281
809.5690436960683
380.3808922943866
330.71197604001
985.6688673530334
421.09016542159566
-15.680827295106582
445.64083771316655
170.20844178604204
7.013476512177746
1909.6097165903448
1298.7272921076146
673.4387115957445
582.889640128979
236.87547129215994
54.31830505178735
328.028495466663
1180.4077472290764
278.3314546609189
567.0581867375465
1246.883322142175
406.85273799744664
718.9046570404821
305.65150088724977
91.22701212090041
-53.02884406698911
520.9126851866182
1067.7460572232924
1115.6197578657516
1023.2961530192742
449.26894784594924
-146.7132773755443
-118.53633864771098
908.1344505326724
1274.2240500925789
485.3320500041517
388.1563282556741
-359.4608324326091
-56.18377583232284
1657.2248745072939
1505.4395086540271
264.69798093618226
771.5725392273439
340.6857702521613
612.9581960704626
1462.8910219193783
2069.9983512903796
1114.189981702862
1333.6183340258115
1166.5896641408724
860.1951991086421
-41.39989859514158
1116.9068582359732
924.7924756303305
1001.550115494641
731.6253734142247
919.228010027133
337.86581842009366
-208.44761525015798
644.42524951837
890.6765574265218
1456.040226467989
22.66204818694075
127.77508212342323
1054.0333376713154
811.9890063234341
627.3823072485072
704.3046800002859
834.0172785923945
910.2362880518838
792.2361348388474
239.93617174655355
110.69613456672269
1266.77601876292
1179.3177897174803
628.4146109504779
1078.4579224357026
