1159.6661870601229
525.6985926536839
936.2443632925477
2107.642632687355
580.0158525843746
598.8688104232317
1651.676515534492
725.9596533264521
960.8048570003433
792.5394635705384
-39.76264049362925
501.5081424026222
290.80526223986624
1165.4827395987388
892.9397461189435
770.8181458149338
703.5683388056027
196.76263410974443
1272.5218233150267
-107.08629135091144
1168.3420018002007
1552.9745163684618
1220.7065740594144
103.61301874454813
59.08881678400036
1564.8092805360343
2438.641720613491
291.6772688724294
1011.3950423127292
286.84428220243996
1159.7031880917593
56.304534163016854
143.10019387548755
1043.3374321996653
537.0707910913869
1014.0093721574455
-136.26758921538885
265.1437453952159
338.2919556709819
203.05065114618478
2863.6179427900997
1046.7934462444114
662.709183563295
211.76356368093607
347.2014171481122
2070.676812736404
215.975651967231
179.11541331266434
922.5293611106546
622.3738644493745
1146.5164757189448
283.68984696145924
24.653159988354616
931.281878810916
2114.639049250197
829.5013973555551
778.4699318937242
332.7282345308974
1326.729377154813
1613.2242098459733
297.9074956050931
358.076162002875
1347.0415094503628
-9.026462473166475
425.5150349066648
1309.089082410929
1326.7837499076663
707.7074085936881
1165.1734015622067
659.0800330276728
1571.6345914909493
384.9780762911759
304.3196380929657
178.78872862446548
283.0296215289374
560.1972886915917
59.71267319996343
520.8883860178312
851.9001850738957
1394.8243954207219
1905.9084621615514
1274.917647004931
1236.5795811052099
35.53185887081946
1832.0493913391556
520.4767074385921
172.77367713981897
210.53973456107315
607.2015588722253
1699.9567897822812
202.4615367567364
905.4534165445893
447.1009629488574
985.7780511381201
281.3925783024224
437.6800109010989
820.6561188644911
427.39388075803333
-57.9765460388906
69.26368850281631
64.16601931217224
286.4305850576013
570.8633373456603
429.9736802721001
129.29024597831648
546.9822133316788
1272.8185913509665
178.90149561972748
67.49984929348403
1099.636668806537
774.7144707841019
850.1436956580051
835.327015554652
237.24972083996306
802.1931470371669
718.786289641044
511.79118637004177
1163.1360013454816
143.10537615769323
1823.3000835535063
348.81640878094123
599.9778247297303
1113.6581426015237
504.8128263026303
437.72385528250715
25.593250494109668
771.3146945359908
129.0528294340234
2011.3097825492998
1281.554942649992
44.721995091172346
96.43062421719355
749.2142878640898
-24.859897376439108
1104.758512818707
120.02739362590273
206.20829879651814
276.08686121290054
231.18885699092323
840.8406289052294
1399.5461554456874
1301.3449507284017
280.3982418684714
1083.369321026787
318.0770524234967
135.19766653539114
1257.3778605209686
1618.8650436514672
89.05905314582157
195.27826090762346
1017.1919257115038
984.4284361858781
759.2801951246839
494.9903561914824
61.84628103137317
369.7659925984033
-223.17151338418194
1987.7536229749244
1796.4922390213137
622.5254988367063
1251.3316132830619
1347.000165574384
190.87462004558074
331.12452314296104
1587.5962184619914
96.94238253692362
-169.9723875854262
-90.31553825192367
221.35252670701234
441.8882426806425
730.2443055428773
1014.8837662373129
210.8540636820576
1101.9798705539356
1487.1978906098188
360.13429635399325
777.8818263082244
484.73303930168095
2186.5903188711263
513.5150965227983
-24.17622745598345
895.1539247054507
228.76855756036943
1032.1838880226028
799.2585352243027
149.62221217354602
455.08731851061066
379.52886966742534
570.9840365155999
431.66433467811737
1347.7163067073534
667.8123920058122
275.15929545467964
277.77158146858756
214.3357070443757
1260.681215522535
-891.259767653354
1131.067511925257
354.9926398350994
421.2998260683225
186.70556901960114
110.50242615559262
403.874403905496
1005.6027565437938
148.19877187314802
879.741014376622
703.9067530985728
276.2755325121702
1014.4572199869092
102.42119362321068
745.1877456597114
642.1942296266566
326.695925497976
1423.7196345306734
878.792035941918
181.25610757936045
852.9138699243448
1520.5314898502504
-107.97360475548771
1852.9693335627353
2412.8828090723755
1385.278841448784
279.8950681035529
1114.508100598885
976.4894251963949
669.3861013786034
725.2627271296146
303.03587900726853
546.1559736779525
1313.945814270992
1795.9448281496482
247.6249505101872
1472.1132560658891
632.5018468614986
13.00012009135952
499.46596817151453
999.018847064576
289.460471448319
324.12906939068193
24.989639440834083
83.51908307305655
111.51581361317722
116.08603909104357
739.6472618262046
481.206725065667
1069.5810196262232
134.49685185199098
568.3193750073433
154.45533979016167
407.4691220910777
1397.6224197416805
894.0764161599107
670.8680436925927
538.7668313088903
199.25135608388877
216.69607943181157
743.0866092108752
2508.50921736684
961.7935174690018
1090.1824787370151
-41.10895363366899
1496.1941683278856
213.51649500648728
454.9099383549686
217.58262434023652
2418.541670294686
363.3648897303937
510.75755091086853
42.06850089207853
1322.9027107434558
1222.9034103742151
304.96941351429155
640.5660289214063
73.40320391593997
26.92338299229101
2241.693520113311
1160.8455111359694
394.7882892163598
-132.7626232398959
316.2450269142016
-68.1016204042104
956.3707580832325
270.73190859169324
250.18777506416984
1857.6084819141947
1575.157819688212
153.8974534106398
341.49644546977635
879.5689188680549
116.2826983749373
58.50019128973088
314.6012035991183
878.4842412694421
499.23977829142166
68.3118774136405
1223.4507687684495
725.5852490276179
19.71311877173025
999.6381018102579
1299.5917179374455
1311.2617836222616
671.8333340249044
206.40117505376708
640.1324560073723
1235.0902787069788
603.188136319793
1622.296110206908
746.9024476312793
825.4976588722517
130.62996840416645
277.9336439379868
71.09772495974761
483.1023100851982
1379.9683822983134
700.7117291469988
248.46455311982493
328.6268556746197
464.37803984667556
1817.9105202557487
840.5650091181174
245.8726707599871
90.15227937479648
848.9999862020848
443.24450593921466
296.5984404076277
846.6365770730728
-510.89976227615557
973.8371886364774
264.39988384375397
482.9544665138696
302.42112867732857
476.0717005780871
1855.5022977843523
1189.210004224794
1267.8178429789973
325.20319625197476
414.2092337719959
809.2774038634003
1373.969778161751
331.48908479503484
245.33457026273365
1374.3442618768584
340.6186764361935
1894.25966239868
827.540923919475
290.7152057203085
-123.74296112592867
522.6522066137876
240.67810756525077
448.848062144599
588.5722742653322
394.4276768582129
1325.288384371399
147.9812009281033
563.2019973054785
92.38538731590546
216.61623798749673
1635.8277867792847
714.3307138911794
832.577044089822
244.84489969452102
266.45516579198227
558.6368252575058
725.4535884914376
746.8648938066333
821.4690732827842
273.16307555315234
730.6074837309294
260.823499796863
389.158609706477
1224.1067308366926
162.4997967938175
1094.6765876188597
1222.129667966487
334.4811413820819
442.6136603335093
303.576896013429
938.8857604590858
210.07908819814025
1470.0385542062238
1809.6436948115752
544.0389550697814
77.14664779733607
1154.0459138043752
886.1890112446307
2516.855593367759
624.9598105364663
48.62942985691956
744.9044324900005
736.5473207379121
459.06604444900364
114.66391863810941
216.0138980027226
500.5486711698879
187.129303836828
574.4153244476544
299.07922048510187
194.21423104682896
1382.556007615232
1212.8900008572332
215.6639856830951
309.9214429914052
275.9662406324211
18.541530297482552
1749.388388837368
75.220946741528
289.6063641775901
118.10417687062102
442.5932715191722
108.88564267004875
538.7593881505762
593.3129106466192
776.0712188685279
396.3714660644504
-133.17406040363608
176.10904506308995
966.277592921434
1067.8069163655728
507.07601951711064
-18.662923488412503
1419.7050189716756
1120.1207889821321
1335.6113596717455
758.2385610095268
482.3056210227368
412.4431369089755
664.5575219890916
519.0158035682689
542.0399505978341
549.4485327501053
1886.3563551274453
1097.9294393869488
689.1456093052523
-390.38331575594225
1289.735137819277
267.71361431219833
1110.8475225947766
99.1742044903541
657.4441368166516
44.806847643496724
263.40181818799994
1650.9840796322133
672.6739889580956
38.18750658308653
2201.451068527157
1244.3646325104855
319.186208713072
256.5866846130093
207.01424867005815
1691.2651788087378
1813.5665692292353
524.9881613459058
127.70358895413244
559.199016633984
575.3510231880775
2643.2391371971135
185.953533160064
390.93044531649133
298.26314954023053
1383.828652194647
204.9774598044074
1232.4182984193894
417.7605893419812
226.98825937589848
227.10329383294572
-373.04550924008777
833.3100475224064
348.38479336073743
709.2103179033359
881.1473327527167
200.47211763842355
60.021951197924636
1392.9102378245996
375.06622030478024
823.4783717148148
286.0351545710737
731.3749545896535
382.1034319919917
1290.0335117787922
59.32841669335505
939.6724004526931
1002.3652433097257
184.98769733430214
964.164744952771
1696.6921989648126
-39.78799795767526
1061.9474159199267
131.1167023427205
1168.933455529343
293.68978352177106
87.12800389083128
771.22200076741
11.114223911917861
617.442119867322
485.0851194948613
106.15206324073881
577.6593120935313
295.3271900597099
110.41613735679363
1815.1626452140924
650.8637285355062
1630.3454422988798
267.19638337798654
147.56697939944934
619.707700815637
1286.0635124203498
223.0528050349382
354.36210644909545
1562.3165616126225
1324.1726670587764
50.594437844874335
136.9415708784503
704.3655123913923
559.5951459148234
-80.4423739036049
343.6193117367794
1041.8906637715593
410.5162429763474
843.1473650086123
759.8299132070075
816.383186279249
400.36833551377885
79.10132013054505
836.27427593171
517.0615625401629
209.82752121482227
1092.4144787032765
135.20651719629166
1617.1135466375
328.073217913179
194.60535405679795
792.2064180671505
1737.7370427964115
805.9626422209973
1623.6495485809403
1390.7344096434872
614.4792658704481
396.39884903652654
225.8110727097021
590.1910932091224
251.2256449728144
428.8078093477636
259.21042812437906
128.9999572892653
70.51216770480556
877.6962600280392
1206.5638686183436
1327.3410029720376
318.5809397148024
357.3999451667329
659.4344496780924
96.95020147396963
-336.49248711754353
2106.830788829311
225.8475325333255
511.63652238251586
1019.8911112517618
925.8757823011427
983.6683239292585
1911.7741770338623
696.8872197613766
175.0911972556621
1367.4804615456715
2414.887328339507
498.0917717189414
709.0459613549801
2257.4510728191326
1101.9225193507884
247.70847108338606
797.3009130499422
346.60146065150604
2486.47033362211
524.9847368836699
345.40160829691115
198.99867149133166
1195.0425293629187
497.56641430910133
702.0020893561348
398.2074387491231
46.36600879761767
1221.3956841492486
663.513461778636
316.2207528139181
1228.8241528686403
208.88949817774937
211.87105061240044
177.60758085946765
2120.9470749800375
1033.0409794697948
705.5742473396792
1099.6267407142604
-8.72643455168236
1433.6008811275876
76.31527341009075
130.59735032423077
1459.7962295214393
-34.48894579129751
214.32108141935453
632.670301184362
584.1567586202457
1976.643074561095
814.2567632234084
235.3006169376737
537.1833946891607
655.646315509829
674.9633508049329
478.4968832674066
2515.023577543483
2072.917566066346
883.0848567219891
1393.0333239899414
864.6055236427345
3.3322600034327365
881.2821518242969
1184.5459707954724
1315.9242475924066
485.965183200804
1307.1205436852747
1512.088510889266
660.4103082131771
1078.1592413074409
948.0025712059823
-57.7969995412098
1509.0846353716813
882.5761347510531
333.3321509321592
380.45160044408055
799.3801853575292
-292.4488206459573
968.9765582462974
837.389193798474
318.0307672552178
1137.9984837709883
223.6474175265127
250.36817943231233
671.7837101339253
808.4304732746128
-98.78609426621341
760.7090325735201
1416.601948341021
332.6107567924397
310.67394741056654
385.31289080447044
1147.0358024633865
1096.121159176007
298.81701854241703
626.8161980311852
1259.6566883351702
836.2060005774044
-25.6594918770993
960.9907855295831
2764.832700467623
71.76774351152284
1049.9563662468925
614.6145517746124
1137.6387013387769
548.8209743131366
58.66883950541609
-307.4241970639433
1001.8170914757295
11.956954955619835
176.10471532367404
1843.309367448807
210.12523605795124
906.9603438278707
482.06261981413127
806.7515974380146
117.34266374232169
593.9783175601968
466.57201913964684
384.1453402226648
97.31398574915772
770.0514614377391
145.6008183929752
531.274071356816
181.27974446940402
693.3329036979142
282.5590960484476
98.4957818608608
249.08108216343237
733.2073323738362
641.5441489946518
858.5232470289382
139.43643178670783
1176.9555378624905
1576.8633372029014
619.5984778982047
897.1763204005686
1173.0274587698768
344.99339148677393
124.60351176930169
1361.3568073176425
260.2211908782394
626.1468359693442
31.65497815779969
349.13466909319595
191.82845467962386
222.39195197700172
35.416771652589375
216.4191861636959
1257.786613591534
354.02382116681025
825.0670001079518
1177.0770866383293
2.999071523255452
394.15739657888224
712.110434561058
605.9220830841575
1366.0209814675272
1809.929728573929
79.81059853588715
333.83823486047044
-732.8912429220452
198.62746920702114
436.1545264197571
607.2507723116714
896.8701402888805
362.8155148485876
979.5107947418402
195.12740697929996
433.3740599091845
326.60310223772103
1099.6979065610342
1167.127569590562
1184.367774126766
-26.69712133340977
513.6759916935853
761.0184805251088
638.3385446861203
1467.4461478722435
825.179860567355
240.833740658906
1029.8140687918594
185.34833570434836
1447.1989008428845
667.4578017355971
68.70255522635506
228.8817557046806
678.0245540037389
991.3379615641767
133.96019018053835
317.9831909236141
1447.31383872422
392.13095345870653
1247.7589673470654
927.4579748446147
438.37129867743454
837.0388557109998
1372.1007074681252
1193.5822849247743
1124.4621973024496
508.8559176727289
518.5716780709967
89.0167076555154
442.8300625200376
1380.9849148500534
1121.5185300748517
329.6855302940784
1304.4015383744745
974.3517161972342
507.2685547578502
133.37389477886165
378.0802034212818
1303.0486538990301
954.5063907907603
1322.4375568905712
128.8693324356875
47.95498952223818
336.05501860432014
243.02117529389852
1203.7581962817371
603.0495808031353
770.5145428380517
19.216249730156733
575.0590638535054
2714.4019811399876
1157.2951026720798
864.5749401406579
131.14661295169515
213.08238660529128
241.68241506723106
601.604370747356
327.0784632598626
21.87898489280377
1211.3066473366043
1415.4776630863228
731.1784108267661
248.6826258472705
733.4427447370455
550.1621687607528
667.4510231823135
-34.013014916328814
520.310638552555
19.576255588636513
33.37472554288337
307.22891981189093
623.7239221026679
2366.870524075537
461.06158782366083
606.7797015957234
246.26197405924287
1455.5930467710473
1114.8300905771457
1842.9758964864313
222.87133212670145
709.3732156116552
257.89642765846304
921.2401660032477
2303.0997505995083
330.2636062268667
196.00672364236738
-25.992389360223115
859.6152779747604
1169.8125678167648
713.3700052580987
512.0801343238402
535.3484856614882
1529.9864850290976
537.3709773943502
584.1343323260517
131.17590484573407
892.9830579576569
101.65005288306713
114.69058603324498
1239.8489751038214
1123.0565984969294
122.10869541191914
307.5344868956487
1194.730441579074
1269.9450608710736
207.39858056753377
149.5409453048141
249.50546595123419
1083.7331205521832
331.303343158969
245.81804233386697
837.760546694811
5.369215770638846
193.47375779121452
1111.4177698349094
1724.5314398852333
1469.3614397058132
695.579006383643
883.928441480929
-366.7363783943025
-39.863078649165175
1124.8137232080476
-19.345676778854227
328.0676078134811
1096.898599355388
1137.2176652843991
-4.961406379868663
-65.93372512584551
245.33955846358185
1001.888645278217
449.52364261449435
1200.5978884288825
1413.2788901809595
54.00040105119007
1870.8630050540064
249.18557790923072
125.9808534578911
856.9595025191942
1250.42040363411
58.7380250289396
1648.4135339761583
590.9237693927557
1679.6969234980158
1365.2187263323958
795.6048834697758
-292.8864568124635
631.6699438457854
-294.29112303592785
1024.2658189336084
372.14946517757403
57.76213973082099
733.9119095093504
6.674722548093143
331.4964579833786
-26.711482568147517
499.55174779002454
381.2901107995952
300.6843111379476
113.14571865178522
2023.068348793848
134.4008724199674
-179.6928651895223
826.3583111842104
1532.5452485827714
372.9611466742055
521.0416196083274
-38.93942224968464
116.81892607843383
446.4711363059118
825.5461465321096
227.05288183217692
463.8041885577182
329.71214005241836
1558.2651971195644
555.97181366111
821.3871752094753
441.50393462019446
93.45837190539885
270.58097420325123
777.1132864968945
1089.5911834755418
140.77747862291812
248.75853560092958
114.80516845071026
373.71547717284597
1766.1568169388968
742.5536481720524
614.6396426100125
587.1807297589141
502.3066336556376
26.42247778414685
1434.3727501643275
650.990898485254
895.3780049798379
1241.3324708268883
1598.6546649077359
1160.1735068033927
702.0151113558072
237.2660152296562
116.02250971021078
1040.479463708066
346.9274209479835
57.843921024599524
484.8295576892946
82.47728077843948
1974.450363324064
335.08867282804295
1633.6324806495843
806.1908015027622
22.899782856901652
251.0775744054223
384.87996708722574
1086.441225631123
1197.353612321192
140.75392020640084
193.22010119528488
386.2418753358144
186.88852395154663
574.4391456109197
1353.855427221587
172.7351914122494
781.4229062661557
593.0322316686108
247.36293772623378
1033.6497540350615
907.4514185871944
-7.933165423668868
1902.268376568203
1248.1625173375746
6.812717713845927
-24.857338626623857
390.4804314575103
240.52721876780785
512.7041908583981
438.53806623121613
1427.978330098574
1481.0263039515553
801.5629458443448
264.88485010006895
400.6365909291661
353.50721732179716
621.1164894463672
710.8262319403703
84.78278137846632
1090.4791602136497
396.16208968595816
739.6165897628309
48.94625793342141
570.4218449708134
371.40961629809186
178.9659371462567
513.745020597463
232.952391738113
1888.145385456847
1339.9866817509942
-11.087707958296107
1179.1741380786495
620.1839885387359
204.65470153523995
1474.3664573567964
292.05214783952545
443.2637064374021
365.61047529537086
1336.5790482720276
653.7291988744543
-51.028768370625244
1427.390316112914
334.81459313972243
1093.064561649801
1419.7306533151877
324.27641816078113
1188.2417340901175
469.0428390960243
1348.261588247774
398.4836236364243
140.40570470965355
1403.096881192161
1051.6075160952294
314.50594165652785
812.8595308437042
870.8613364309597
649.1144042223451
974.7607446506321
325.75460961603085
332.8731655438383
125.26474716128439
383.34418096781843
1028.3047733086592
-37.82425174492721
1572.0594165723346
719.7330081633476
726.5093036275946
272.06964086555547
1368.1757040201342
-46.51353374902129
1792.1604458524787
1456.017238182247
1065.2919016187
289.0121632394846
2394.8495034651473
-7.551354907395307
454.2584382570286
371.26880828243765
341.52987815279596
739.5756090590255
222.65477444230223
529.4717999258337
1819.661629634883
236.74422951723767
431.9538416712654
259.71550269616944
514.7224868466083
642.3679835899386
1099.6516615676244
324.6243690099474
1893.749057348961
657.0655126418462
1119.463195666907
536.4816567132094
152.21095852888985
-206.77394680211216
2252.649508640533
-120.75950276260141
364.32211937160906
1638.3391194926885
380.452050638774
1642.0073483921672
549.4382470170638
1124.6917201826523
954.5046080375637
845.6141141577756
225.58646757240115
56.352942833760096
319.3380221171551
32.82621659614165
798.5867296357748
259.52502571307866
1151.5805272464459
-34.32796087001327
257.32751428719985
136.52744131462612
917.8918234909473
753.5589322187907
1531.5483762741435
666.856523358836
29.144883987359776
1440.5127036950207
893.6937941871179
597.893023775869
-164.99803149029606
-330.72596530639737
1700.3366439772935
598.403228458752
900.034428042923
397.88186564732695
1111.875965401709
1019.1909275211913
7.810159934451406
120.78721217328126
1223.1571990137973
1131.8465294299917
798.079446297326
416.5214153520875
270.9249832240816
257.32958406056565
453.2712862073479
773.7156148834342
616.403161039825
760.4353180864475
2039.3951577745008
216.17165057902497
167.26009636860275
225.70150615623407
1507.30799649161
1941.9653984880047
961.8126194660273
343.298340682606
205.77087936100068
290.13909417329535
355.2464009681565
243.5085044189164
235.02590945873516
64.488275036902
1412.3463901160248
1999.3979413963366
193.6089261643943
-36.00584258885766
346.07443875628746
63.61283224079261
161.72231851438607
2155.48574215357
1765.584146479304
720.0443983490223
1951.6394779196205
-7.72895945829913
823.0623775904626
86.84730352177672
408.17080587502255
1146.9673776499067
1529.7464803087487
2804.5484943719184
1560.7280222005875
612.3575069296389
699.3994462105175
246.9752589337834
368.6566054376813
136.48841572338029
89.4099407477807
935.1554349150765
1108.6603891660407
1216.571864620064
1171.7418728374919
423.8250398875724
653.9961509747841
137.19343531213121
348.60952059619
104.29047777746229
928.1983775200414
298.60194051281303
392.1861262287911
140.8065501396431
399.9935160546813
-24.7337171156787
199.91766839041432
34.56295910953207
155.50731986565862
528.6483559661324
1550.3700815077689
761.8955170428455
-312.2566244241041
470.32568650075086
1178.1746887457166
718.2614509665859
1374.2409616275354
1389.5273912259413
332.01256162759626
562.3436423505472
250.6779983987749
781.8256869214694
1481.850055830751
2251.151048136656
237.99757486703515
374.06539997805925
410.98824584374177
191.2026300794811
507.30721027162934
258.7240754820276
1147.3760453683822
78.83275494584637
285.904414822479
90.85193773264922
2307.8099129423463
96.85289862643901
200.49665532868235
1491.264681812616
1349.4837638999068
1838.2975199631296
1104.379794898221
596.2162608233538
253.2578151065796
708.2992959181431
1264.5450836704654
1047.389343591502
636.3818430203012
1051.1440811652014
80.78752078888135
173.1597999012129
1443.8922607599113
-62.42671526973794
1888.512594902887
935.128579832028
2173.9773087852163
180.13666191249527
266.5440266537129
872.7741290394064
409.1548561673371
1008.7516809506265
242.97009913878222
1130.9933844996222
124.66295821765226
952.0050589413486
458.8260585567618
230.74897622488396
727.1314622852815
1914.5579508782212
224.81802519624247
1231.9098316989455
548.7547209956191
618.3466956544764
1667.4318255070011
329.9779346898788
223.15179976581388
1190.463426463598
108.02889521098615
836.2807773606398
276.4852945945436
384.07646371484645
719.2861255069502
570.0898335342715
1709.992589076913
553.9535264855666
1343.3603124569968
178.37106738742537
87.03173099831082
1599.8042710818017
852.8300326619567
1012.5587029410577
1026.5374936533424
1073.2205064533318
730.8455175036737
39.71288903197404
916.0824260529682
275.48203079350753
619.1035154088003
880.7448846746148
817.0264962718811
167.4536233742402
291.4988046646509
1345.6484910939366
286.9248630409894
317.3050037568053
770.1647208804781
559.0430017907231
47.21566124119454
354.3484404754485
690.4577351852017
990.6025542886138
288.1283363707266
1190.7906514996307
21.693836979635876
1812.9017354013688
216.26548484026208
283.5131541537184
1187.8811395819923
910.736599152109
1155.7455053493097
-18.675223585120705
497.76608027389796
950.7914255913684
1214.7212424746301
293.78928387773146
183.5882050465927
1718.520000154294
851.2579559196483
438.67089469202574
359.3567181292695
29.35217506520752
294.6821432698317
1073.9869140135638
1806.2194132045283
1088.8571605744828
307.4809801622735
215.31672822272344
923.0205834062913
1168.7565720723906
243.3093640830345
960.6058621897802
1025.4832825775215
917.0896322998251
788.511745304361
605.3286626319245
702.5288540859367
653.7652993754841
307.97686810286126
1203.9129836726886
194.34679338150568
465.734986582682
1755.3285756107416
354.28797806299866
316.41599555773405
1304.504527709751
803.5297351172655
530.8440766946114
294.12665001140306
78.25488821860131
486.859781636883
1005.5935440513127
741.6977272610341
136.0301078483477
680.4851681797493
338.09356881980915
890.8446673893322
1563.6957648728376
1465.5636375366046
1432.715425099358
1142.7484409033939
481.91816714130584
380.2161635900395
1432.6497094287145
1549.831872770733
1305.750094278886
2036.446695153422
1093.0797578770075
115.17600283438276
277.2799928969351
318.8097277987215
1149.4167803239416
148.01827762196433
383.94134176301077
39.788194459253134
4.393232322716187
307.31091588322454
397.742672008278
140.95007617894282
2200.197887070271
662.9919957724737
1193.9576292856186
281.69130653388845
161.35145373032998
131.25507834333746
379.60721383084257
228.4634311831719
1250.2931534813988
128.50220288199466
1091.449506125825
640.9865086297868
1092.537270246748
241.47542627110116
1003.5481037128882
1267.5602234333214
791.5405814914702
761.5393109523834
162.38542493798923
1987.7364348550545
1216.1524421414629
882.3154930966293
1009.5803725181632
1318.113679535038
845.4302874591899
264.3244387214107
119.67218877260376
1159.0338012654277
705.3246938080001
289.38380976569823
679.9096085567344
688.0639340552943
921.6494087971511
599.3928738580317
147.30544968032973
1319.7679565571384
1349.0916352426952
120.32295196497552
192.725140295496
53.37364280828268
-13.88032247746213
117.49042098704206
1313.6354536229965
771.8893530349436
1.7688723052286832
1892.9009219009777
139.3144155238233
807.5852061438443
1707.1482223638925
194.84035852252117
7.809248809351345
568.2866527702513
101.83666971920718
1128.7948405631162
314.4319478522209
439.1462443828511
71.14167115205936
573.6413834363096
751.3061287788378
1380.0277999770838
1033.142149775719
963.4763854870606
1862.1860844191906
1363.1625310205986
583.3302778894863
76.65049222017336
816.4072713272947
1933.8904447638438
202.74840657174536
1440.2709510378454
312.08180235570273
418.41746442225065
1361.8838574448548
150.37104721156464
438.33923363538946
268.8210705330227
1609.8295681039483
159.4535195087844
1047.5036582119637
-87.80738203459947
1956.1834398441238
1707.2286912372454
296.69598933375653
1033.0435092143566
139.33167589391888
141.6872383073025
915.5357248768239
1096.552585151196
1826.760102950701
1187.406262526355
343.23902894036445
86.73131583143487
509.5021982674756
263.4569243183246
13.994677194932024
1172.0164975378277
935.7651436192133
390.03281640700993
605.730465609178
493.3029675634963
334.6247830699564
-135.82610966005575
1136.1644746026388
358.3267547287396
23.796759763764612
97.68389123745112
1113.6124120474856
518.8880085476283
501.57493856846224
1713.932810018973
187.4835740210587
269.74754897810794
200.69964861701965
1020.2752547802336
273.86643511519367
1068.4262438703486
165.89854019850299
549.7503416569119
1561.5802134187606
1708.0411566283367
949.2275640594712
310.435704793532
591.9912952361022
-1825.7625156999559
1270.2720833716367
670.9220667496206
1184.121775471826
182.0486715634669
615.6702527501043
986.1398908999404
476.0135786931479
414.33714019495926
1503.8401039754642
661.1780575259911
287.3524412183998
685.2402099595759
572.037455831636
767.9096779132506
1273.347740482841
1258.8815749638707
1043.6452957916158
478.3225724016245
405.6474453044026
111.15801934771662
-88.43357768658723
244.9171927031501
754.2548293860136
48.53721496829013
1060.485809329915
18.57994849427638
338.9187902329801
460.00661752736056
274.31840463820737
562.0159236845357
699.2185944574072
863.7579417965803
203.19978877785923
294.0410786241377
613.141004968191
1895.9084600106473
599.2767451130037
2691.04334423162
30.924281432287614
231.9718371045712
971.1970987570711
50.10712428824661
832.9485699270931
39.524009272858905
835.9689472831578
679.8797256952561
284.45567880932674
402.72333076830546
328.7087064290568
327.4126434014182
54.55998113357191
280.8965741609377
439.3823388136664
949.793350269672
498.12224372221476
17.429072980855324
143.3651829820376
818.7270452520058
4.080663020435679
933.4187800091397
136.99867920621205
1380.3944176190794
907.0957104365639
569.4360559651954
244.49089639518306
2033.9522160138795
193.2294755939954
1411.7988335628788
437.49336609552853
340.3329822749154
277.2310351840295
447.4895291135086
966.0230076790715
557.8379876693647
-37.87723394442884
629.9303599182048
1935.3851069239079
1451.2656841242367
138.02693035223336
1803.1354848604035
1492.455016432153
346.68688514084903
-28.114069607221154
364.81595108855754
670.1668615446837
955.0202668379276
950.0949825624514
1817.8665435657774
-133.13656073585582
535.880204002117
1235.6994853494261
199.3841138337246
672.1345040106373
204.7689399199194
1484.6624344253723
757.2185562786192
2020.1816827823793
467.16671708090627
1226.423196413978
1503.3563931194813
826.60768319626
465.9739848209515
1106.0374926295076
226.63476561491868
191.0889910785981
415.8068992786458
701.2701365190545
1123.2967338210944
1882.9938983342993
167.2540461166323
1909.1767710967881
230.93969086038618
669.4170401039012
-60.5176511468282
720.09039815656
1217.0543889854407
279.23922979900465
212.46632702293073
331.0937046422433
-354.62676236280515
243.18807320310222
-193.15414517546992
736.0154317679074
706.2774715664773
310.54617096790867
1506.5864833398834
667.5422186364815
-438.59982248574204
737.5103576804391
-16.30787405582214
69.82125650862213
31.29821171102145
659.1302691896516
7.280911391931056
550.5065139125672
1102.1578206706722
606.7526501234203
260.4360898184216
858.7619578696239
1853.4732460867622
90.5116677346598
1058.3629367708922
770.5945930748071
998.4681387994857
517.5680046694906
571.6638157615796
197.59239368934936
57.70213387322406
1889.6642862486735
695.5757224881451
176.35784409833283
1227.795864196698
558.4784745264534
-23.226555789817326
753.6001930955133
595.9690687453686
1734.9335697416177
995.9681288636001
1223.7596028611213
124.09171023252992
793.4638758374301
1982.2870252609994
1668.2476104961024
1441.3349311607026
1031.6967224454954
340.7027948345423
207.85869055930903
1273.855046589004
654.0775761233562
144.8092149814039
696.454593239122
281.637912523095
399.18418403054324
703.9168526659327
265.7266867890072
1765.1809158062224
2211.125492895332
967.3763734456719
31.08163179898071
80.88824017537121
-56.6016640316397
221.43779231894476
603.2311710110569
1253.2210171319748
130.56004477941883
-24.736802857682676
365.93137546042374
87.03622898876534
11.945085883338209
1331.7499651765747
348.9774569713553
307.8640748576343
1207.1471231015948
979.1938863696572
773.8756526083528
1632.968333455453
246.96206507053316
476.4194102754217
1208.738959736821
260.45628468987127
1978.966415753146
1110.6157120756807
-17.722527885035277
899.5786798653089
597.5930884204621
1290.626186580489
1805.7177873644266
1033.0618186849638
1041.91763034906
377.23662907909227
512.7256817806207
-293.9983191143092
515.1923316320276
148.11632561904457
514.8231329196973
1988.9638961658015
2.3677208058040264
635.8682231748088
-64.09063284618844
224.96668729936926
716.1879061772637
977.4013497255162
222.52811205029076
381.4245670123491
459.50995039377386
370.34310974889166
803.5003394103321
1097.128452186909
1046.0267911923552
99.67904697568355
212.3284595447276
730.185298605683
223.68087108925192
1459.6285868842303
1227.3322023786363
1988.0858536244762
1203.3595743511628
675.9897540050451
142.95673804357477
187.88980739827917
764.2544835106138
1134.1730987777228
159.27273778523576
119.84431322574659
1274.5110720204857
350.22074342077656
2427.726746449469
590.2180185248716
758.4756801011574
943.159530080573
1325.3086758915028
820.4433938211421
1359.4094458265004
156.4107857172667
1551.5862529614046
1490.42563916493
376.44388470543083
912.0218249772424
1002.6980472500142
322.59436266958875
1520.6994443703763
1664.7450732932468
338.6346325221368
951.2346167315865
1138.987674867152
532.9569756130502
208.0446058918949
336.2328140235
278.7395750061747
267.7397616543998
1133.294147440919
323.5435089585461
977.2573018281519
396.0717964263426
359.03606013111215
838.4180079755563
1348.3539449489929
373.08364259011273
710.5255884695184
250.80452504199914
1131.8783960663811
-6.072658074265291
784.2402575383536
1148.2911751269614
1799.7335831129785
966.9759018613375
1100.2267719157524
1809.8281756806884
561.8204729328158
-7.492342497256061
410.33328248371487
-109.99520564868396
975.877145313931
1284.7694432020103
330.4092368986571
61.75890137004319
354.2500918959292
262.00010621996654
813.5066293351786
771.4346773596792
1021.1087877372056
1328.2222188249748
133.74241774135754
1454.0992123255587
1030.6950707397132
-48.748034440123035
-18.396596726772145
1691.4024552419596
385.98699280409534
1012.1309941462371
147.31001869894544
289.23787622912096
951.6499968312011
114.44210641369006
1541.829446988645
-3066.577620489473
456.81391819603823
205.8079727911576
1386.9283235979
1108.0938989270646
927.4692858970296
365.10408511612906
976.152120216225
507.1345790420869
529.6257566732961
340.40084602765114
103.58299561178973
218.6615407241063
-68.27227802792464
499.6502356342655
205.70166305616885
413.55816358558695
1774.7097996514294
1224.0831528935016
408.78468550661665
1026.2234636796363
1258.4828249570355
1262.5489350295998
1663.6206994633299
397.47217893174144
914.3053119400581
1152.9895756558658
396.1789675656098
97.83022436218607
912.3131462600992
47.977044685368185
557.0999981800724
421.74636575609753
1245.833965051795
646.7850143774631
932.0978155720696
-8.893505825933858
203.12466172844017
245.01158725398415
1356.9854802977977
690.2273239686726
9.75056331987463
1013.12141133654
605.8149180635062
189.16890037935156
1340.2271474041509
250.50679475524154
966.2026988206421
1750.170267410487
2452.303478385402
315.5768827539514
991.9467584744295
174.85969382292112
949.0329649063563
504.1430519332189
316.02577328831774
112.77951860014161
1395.3076515006612
819.8125047242836
413.4337335976229
123.75343482032923
1994.0145521278628
664.2074081210405
737.0500824269456
220.2227838496972
612.7931134471078
130.6788849624383
364.1800134583075
519.5949909125314
769.0347634879968
1293.8131423521158
125.74126156752897
694.2945836589535
1827.6651249898996
944.0515829373162
288.6828686411685
1760.624561916749
-32.77799989621019
114.15223673474753
647.6102693068345
377.1425127104686
604.177036969691
290.781452417271
620.7251986323079
267.3390896041166
1040.6800655559637
118.53926746381603
1062.2705041305758
2333.046915569833
2129.214235971521
1038.8282825462043
866.4272042173518
1147.39929654186
822.6620529443431
487.1173167777098
457.21952452462295
756.9371060882005
736.9434577457182
806.6219925910056
1174.2767893883931
1345.9499714200049
2122.5330900536974
212.58656188967007
1249.1262977433962
1210.6195648477176
520.4414464016311
802.2453035803359
1118.9232027736393
558.3834037816658
-58.82261278012959
242.9675545306631
153.1328164468097
1808.4740295743056
126.64632550450426
166.3989434964439
369.1786822715855
1314.3508940597158
748.1281811843496
1264.6448955995597
109.73179305741104
717.1752925441626
1196.5883262652244
1957.1369978881794
300.43023618446836
377.7442394636209
256.53146959854695
16.520038120886113
1925.9128169591934
306.34771871777235
1970.7755529462913
933.0860720670817
249.7264627054008
512.571886133108
462.0688427011366
600.6774368001279
1087.4046788969076
623.8503483654567
299.1619376926144
864.8003040790344
1103.0826412330093
112.36985551259414
249.2730975550969
408.83054519851845
1954.2545265415117
1826.497418941918
128.4987129399491
2097.7454946185285
777.786764753225
792.6544736125934
557.3754717273424
253.7003289671907
947.0439177927715
211.18567682792067
36.5153803342983
1135.3138785722954
221.7371034569874
1235.0689898604887
376.9584788915108
394.4873648122424
590.1521529576169
-1.5073578656339919
-587.3603433966757
1134.3093047601155
615.8377382557976
329.1006495798191
722.6757144344424
1141.9561060626872
1500.192253495972
1294.8341492317418
66.26139216543686
1860.667814061112
915.340656765524
82.49503114227821
419.0532092981661
1149.0632536208082
1474.8339445249705
107.92717711418226
543.102223947486
333.2818314588283
562.203305018627
341.5077498849745
250.62538901587104
308.4491210249721
-26.341361736326007
306.992313776061
972.0901505194907
-132.77282808298958
1498.7385117659296
462.08376652776315
447.9129990813894
1173.8852141798748
417.678956264689
1298.0855207070597
3.9201790047166583
534.8963164749182
389.2140344920591
246.3316947368865
352.70611060430167
126.32732370612041
1013.0778491087698
129.9158112856723
171.45796371277618
1230.5709312804697
505.8636810260673
6.672860013393631
423.81487006301444
152.19574444104094
196.802497831926
1068.8960788243885
1294.5169462890203
123.72984835813276
902.7001185398169
274.7100084527756
344.62592303512315
646.4249864326516
1847.6289356540315
1044.9402635389806
730.8716001645543
308.2043099075196
230.09809574750307
184.42211174980594
-53.68247794392374
182.5908252462211
92.52322281960318
329.40977163428806
923.719776453386
875.5149525244462
706.5953254949133
634.241669818474
838.9731071303305
221.35233962134706
70.137091790743
22.199802856548274
381.0859305565194
987.7642510458464
193.4543526391019
149.5783737117638
1825.6004721987383
1065.1618207053252
291.40646973527834
203.29805099744783
390.9776810102683
1536.3542381516631
85.13193345614002
886.0143036851628
1835.3519250626748
1802.634989770379
193.69760480917734
2136.9083272346497
262.66600528877893
189.46583375050062
74.0507558324428
823.7355173147489
901.9210412847121
1355.7652527479563
680.1730844208266
214.50324334625967
1682.3025169613197
1214.959933733463
-82.64270548369086
503.335502932372
92.236437705284
257.3926939433445
1257.7665599656223
1920.8265511226884
701.6002376384529
482.48368624735707
92.61920153772661
1793.188881497326
785.6845783708727
184.76277643657767
1077.8880143308152
146.76033926369212
341.19080528911536
777.7883467240974
75.16634219181958
210.6876258558442
372.3641014424188
1087.06594584418
429.4074441424071
619.6932132764649
447.4854726505629
1079.0949112691735
565.7070378264725
1623.7739983963738
-390.60337139909666
290.932472763297
1148.2995801528837
143.99653918944438
1452.5431021590502
2319.3921387099854
1104.4265316843193
581.6756229291652
1277.4009178720846
241.47773250518327
267.5561540786595
1559.6512985435766
1300.4344912194013
162.68977831122953
836.9027682427414
1361.1210479858005
1344.646518604396
669.3008092769144
468.2352347927024
359.3529728212108
265.96337154414437
1516.0896002813122
499.21013095467003
1725.3607746792952
1578.918091121193
239.47477532914158
847.4849928915639
1037.5442411705499
1360.451464686816
191.31871556062947
309.3607930598415
1005.3971075373316
2656.917226368978
1203.580136304293
1457.7461728483493
339.21100590886374
310.82940120744007
743.3135962974928
1399.519423729181
726.0054207225255
89.71829294729582
625.4757875936098
206.07764667595697
623.1827845254807
742.7110600134667
771.4479606587429
351.7501513571754
194.53537197996081
242.34672589223538
635.9959611093722
88.18615977408365
26.94138316186053
641.250105110326
-18.96239260630125
1109.0710821164091
2012.327529525338
1540.9203830322037
1339.1569222938683
929.3123150408412
300.9517338096455
38.45434189877295
201.36089170176916
439.58269391432367
403.5382889795858
722.4206777537524
465.5868938984238
121.71204936928291
1172.9886662417262
66.35056666999503
109.17666918931559
560.888571215708
1235.9349379669216
1248.3743429678057
236.8801249983258
1106.7335540570537
988.1299444825584
1081.8634769605533
157.00903085290796
2089.8257706625714
515.5849332237301
973.9760933602157
250.68924812209536
256.24743112148417
146.8285626768211
148.08332906906935
1743.3434120241518
2020.6311025577315
179.68330535589976
764.6394958103446
328.6977321479244
81.02929929933441
961.8669014749145
1634.645534777687
-245.9120299526502
67.27977301990597
1133.1762311177322
396.3979820209271
318.2400855629276
-13.715643025764336
163.06002367362439
856.1760707959329
556.5115888848811
808.9186721317604
1586.0367216153288
1001.3564839810275
780.7914946051358
236.241512784931
535.4071791759604
2322.510874158618
557.7294583943533
12.397287015070333
1115.237512368225
117.07857005920022
672.144001835567
509.00873734266844
469.15552459594466
174.84937159841292
524.0854535309227
82.65746651671566
343.6492238494459
279.7929348443777
1123.9762636517326
835.4607067275529
-35.32847868617921
815.7603197447431
-17.93730214727765
-137.4486469171468
207.2337175167042
277.4842237574732
365.7202824521897
691.9937070757258
1106.061035585089
111.36034691262256
1626.3987340748413
1015.1837085046737
-351.47793295249255
486.8584298658457
875.1508522895051
74.74682493587062
720.335222698165
308.94332624016283
469.12082838486583
267.07031612643686
1042.125421896986
1609.6839230664182
1369.2344942789703
1966.320747450518
566.6875145386289
1736.9224316191426
0.11451964127257952
126.03672506393872
176.17075377017943
501.75794356694155
315.580778028934
636.6332308829669
1338.0176840602476
163.42445707955983
742.7142349965022
57.912409261438825
644.8301253294419
749.6009514493473
272.8246190935432
312.17564398071653
1173.6026757727423
290.77609973319574
1435.7685154509766
212.71844659188707
128.37374190684068
1198.3621514137815
669.7081100649623
152.8272793975724
886.3080638308136
893.821171798975
1410.1565854917726
343.0369773866747
962.3362452733371
808.1592386341249
184.05660755181154
327.2453566970013
941.9819933864136
1325.9354501264877
913.5918297181909
209.7788288402059
461.3906619545726
418.69236367990584
979.3446861982678
868.0599040447376
394.9269512477942
839.9749143039794
70.87374110843183
1191.1257698568384
621.0234273035694
598.6939768674326
-39.20188611982951
1108.3884821065988
1391.7178804801779
999.793698140624
892.0009533791849
177.18489942048447
1206.1991856955851
22.259948222456558
1155.516987633805
471.49212639284167
2088.2280315516177
235.7367118766345
1795.5574969929403
1599.4419307402372
539.0918271258099
120.95777021231635
420.18699295426603
169.7055794625623
584.050955679541
663.6498056142357
213.55551101458454
138.40095079285948
1847.2840779041887
2249.4600821989898
1268.5172536050452
1257.1499156968152
118.72145505952255
1061.3479969500713
984.1101143926929
907.5485786382224
401.00895079298414
789.1649390753946
413.6309854369433
1712.8380398918507
127.74128590295243
437.58606386504584
332.21077754626515
602.4076335785089
715.9150863642446
1740.4579600345846
2104.140089005387
484.5437451286648
-201.30809508155846
197.00541642658283
1113.069977041787
996.5041840229034
1615.0245305691988
669.7415347084776
1223.4808000487246
628.7409486951424
761.3960067927273
720.7083859152069
1126.8104945309383
747.6371531372724
187.88879388899056
-52.96273688727615
1275.0353465729208
-8.593631126726962
555.9566750452775
423.1776626530672
188.10317331469486
2492.958995400878
1044.696848861763
139.75062135370695
331.21921749652006
47.908406537570556
2239.765033309091
962.3066531101016
382.3901094047627
1196.883332886836
-193.1134897408042
-10.148298852250832
11.124595057238537
148.7045743099289
47.7998755058108
297.1679876092486
63.95914842895024
1088.7275673770735
272.05180189459986
258.6144845937834
1427.7421717153047
664.3767734292928
582.6484536554949
299.2409329484051
713.6412494838436
720.198589047287
77.5547136665848
276.24702009030386
840.7420838944556
43.767058337384526
169.78376347886868
1632.7467152135741
77.59637644675257
1403.3443547154502
673.0012063643653
1363.1226976156186
887.9111263633274
-29.51205743480756
1790.1987048590556
120.41745104159315
773.2771831795797
-88.4803196433142
-80.36544129726929
582.097721987117
200.61856382483685
113.9585348778985
173.3830527754904
502.65045897504706
2287.89283186165
324.4713275531288
718.5768322280653
328.1098610996255
345.20185984896756
1735.2692406881374
235.1491314842777
1299.1170707492315
1776.0568634074548
1186.0599007536357
618.4152687176411
1679.6318147535037
591.0595986772721
445.14409152694157
555.2980372759089
953.8821170366632
1927.7660973759346
424.1406086059155
1262.7185023693944
1365.757950672095
996.9685770855889
140.63134090400973
388.88828123358223
709.2738979252074
1776.1718752698262
504.37693810727
0.23580942958454898
1617.275497440281
203.5278271768541
385.69007743369446
1037.3558747988568
1586.6204600132883
1714.0768036979007
452.97373251032406
507.15533361622664
100.13736026295135
365.8122764376589
549.2053125989542
-4.733089387432642
282.9296511935336
1596.1777384450597
651.3579137954276
450.5310554500288
1350.1501958685426
964.2064652526537
88.14312104142545
200.0451378268594
115.56146284678528
1303.1259806753255
1142.7779074184923
-166.62328151084398
1047.071520787781
892.5962171515666
1129.0724020862062
1366.0644588049092
809.5733168501771
577.796591000199
665.3904471910976
322.16552252577617
-81.38919732574175
1552.3055543443754
105.17950970164884
384.9808920163624
1035.4627048560785
89.9888519815263
-47.841961675335995
46.59519341251348
565.5168101097117
1318.0391817478053
352.68805753333197
305.1497321122724
717.4492523729987
442.8397739754416
453.35202933462057
449.52093402981774
900.4153394095581
811.399895012273
805.8430548395665
-136.90261992090961
390.7334390753831
898.0240404845902
77.20005918096984
742.2415056543466
966.5358620751322
158.71870053231214
32.309540045445374
557.9950037344755
1546.2479247760498
26.600846006591894
318.77760620137326
1317.343155276233
1150.8158899806433
883.9917127092641
554.8166823295732
468.805505985574
1235.4709358476507
281.8576792792798
775.8891202351524
66.16626776232266
158.65324159798533
185.89587480167071
1771.333648639889
263.17836380078273
913.4977410351012
720.3216421417673
937.6823037237233
287.72305173534113
730.5734169478194
821.7005819366841
1737.3077858622858
248.2827744176324
818.9994099777525
786.6429862097178
260.3695027453768
721.1542041630245
306.5335250439115
2370.2219109343396
1293.3023891846997
86.10741773536188
-69.92634305591451
817.4101732387649
47.179522270401094
777.4214592302153
253.7297842165335
297.8186513812524
1389.563762457198
1069.7533019450302
723.3474988347418
200.55927835368692
946.5738681032822
985.3569668093132
643.0658215770545
614.8799552437222
304.2327845368152
126.80753410066472
42.272843421072594
8.112481775775223
1875.1114021543026
-77.30353757541565
908.8210504695787
1116.1576968200657
1599.3222000270976
740.6729946482847
1463.6198488576397
362.5037464410151
204.42092512332977
323.4226416667619
72.37397391592873
932.1047389867339
553.1092461535906
535.5667013435957
323.7280061457999
1095.146018049411
1259.3340005623268
1654.680111063292
1611.1049193235344
438.3911037690076
-59.30039746539336
1021.2995019663613
361.9316124268131
1351.3434298746365
88.84631184647702
1592.7311068030165
747.7177352818826
300.4520693816787
1743.9827084179526
1601.5477600337
2261.1022450529626
926.371963134915
1456.947020910166
-390.43783868952335
296.5961802589251
561.1407417153501
681.6395463527452
733.1583272119615
775.2880296371864
1051.5853037089942
-18.24333084982618
1019.8719001439399
543.7314038158434
375.3056564885026
334.4802740959123
1027.9379943662507
119.99538414196479
1193.2850573609871
1250.7732309266014
256.3655264935885
2250.6329165691677
615.8361359628025
328.93123165566885
90.44216958890974
334.37519409426955
62.36591382257586
936.9938955087415
24.013735458532267
174.67237109854608
1675.1150665855423
1529.7067963888694
911.0066785061471
103.33570250987884
1084.0086382949623
1058.1598813129895
967.9729843225325
205.6705985341929
1115.2357993393875
69.16287112779202
268.2373790478973
108.23643636559058
1441.996503568223
492.66433067205656
36.08180494020968
1399.5612162427394
247.59819462197444
309.3929777937633
445.38908724297465
327.5146750717427
639.9413452054216
1135.7955984746454
1084.4514763923403
586.2893876420839
1671.5198703830793
132.54964867023546
173.16900353601488
1616.994435676609
557.0079875772722
399.54912542637334
766.793152469183
507.01132472835775
3.2226904970070223
230.74801498344854
556.0532743228857
120.18877412547585
222.66400223969214
62.38185861939132
265.4954512318352
675.857174975346
154.00744034855353
395.0984180887834
103.93488146050015
1143.3192142308462
782.877542541986
753.8976764445833
633.5135380885482
266.919507561115
257.1097246452556
550.1591728835763
933.0838492929016
168.17224677296778
508.7036601986757
628.5690761546092
173.10709456513774
1149.4757505204657
19.94896481176238
1020.8050313948875
194.0336615065647
135.89160013154287
607.9858642067373
153.13049036880534
123.45873742833862
-0.9419012614868052
1409.4856230645091
480.98381570891604
888.9616030761393
2319.0971014255624
254.50632383747273
8.546606797041818
391.64043070470206
307.4064739200668
2085.174860796095
1431.519602474369
306.5974366011296
1504.0682058101447
116.9187836304722
527.5466657637511
-25.512997850231557
206.0465734077046
106.96860997607138
161.2808773755085
1365.6299013527373
159.25728147957633
1961.2881416312114
645.8049333736086
1244.3259259501665
254.4445320014811
1303.1072489097469
531.1679581968662
604.2704141351071
442.28405197513507
243.9924959675458
1153.7338765316604
1663.9780761327204
1841.3300949539987
1643.9324178683491
471.1341448375137
-51.2150289682703
-16.72933665307346
181.692079348132
558.1186011748252
543.9773931875269
275.8038496885246
859.9093357321434
247.87979272213002
839.851150785252
454.5415308215173
695.2231234664617
1181.0797546959775
882.4683068617562
1297.7560213317413
169.3326616733108
924.4236389807779
311.7208525496542
838.8777901665811
1184.2361806327858
780.6481543220061
1966.5475467618048
-59.88619069535088
1151.9151814170955
376.98721638912644
204.3306235918125
3.0202168754030367
1213.7390428801277
1065.4971481331852
48.36210995148133
-120.46292929111985
518.3587683246516
531.9694216743445
334.7515212100552
635.8161179139237
887.2730152578815
94.25925848305747
202.3169031501349
1447.4972589075862
1316.5353248823317
482.0355158626568
1536.1768698200913
59.44426764430034
865.433307002912
540.9001304844642
367.87293114005695
53.36473298962176
241.71532295991798
1368.0946725700087
978.195886176623
273.8103571282398
850.3058382303975
1166.2457320612493
1383.8391403383544
161.26985082581788
310.2543497821127
160.22993933104547
72.29182174841469
723.1475565396386
579.8594536333228
378.4485641882821
247.77731027608593
552.2549297440937
1766.1254392179512
183.6865719671211
1094.5176268879375
412.9150393331242
942.7251081441244
1751.4808966213334
265.71251442173224
1132.6377085306328
-2.6554299660667766
724.1059577598963
436.532194698178
1339.1940164641205
-106.3897920193532
297.2875453856542
580.6648867376645
758.4782263090715
848.3331880108676
1058.282246709423
728.3055582762717
137.95377862119136
469.2405583262898
516.8023828121469
1133.5493734998763
1649.0600883758043
595.467265481178
225.36223859187209
346.28345603095
477.2609639752492
1680.8500852751572
710.0989972689588
795.8432025478029
763.7490802701046
2713.9429632000647
2000.8776218577573
513.9433859466205
552.3910443543235
244.51347474423164
219.62105908562884
521.2683307047009
460.23501907204957
-584.0566384308554
760.3430655247444
435.5039235455753
441.19585808766107
-25.125079742680214
792.8072719130714
119.60466251576503
265.50026253168846
160.03843904942198
348.922477214711
433.5422027219148
223.560404957986
904.7736219820529
202.4993521012291
2167.765091441219
251.84691391749396
118.87809812449399
-55.76521217175912
187.72489115492303
-56.444462405830734
1882.3191079650344
1233.903018421056
112.30689776876665
1363.2928526595583
344.2252388610144
1252.0747483660507
1857.1606890678343
18.77157180717319
970.3614724191946
1519.9643429627604
450.7575171509606
-17.9131574536965
317.6903757549937
884.0912140060784
931.7499660865196
869.4367703059868
113.11000401780836
857.972204381618
396.57898055993087
-167.38647937697874
368.6270005148039
841.0156838037776
1015.0158538813038
223.75494393184525
-73.88580080324869
1132.4193450728712
130.7156856293164
117.96598306037424
451.9877903849667
895.6885077389211
716.1741783277371
837.8377930996271
325.8046922068689
900.6927625006346
1353.4227103968524
679.5309423031059
600.4695060192084
162.93430604980028
2716.1116323198557
1322.7744941979495
203.1238638248659
845.9890189731545
2232.08904295509
181.78860939687843
322.34225879585443
1472.0626436855396
351.0283189267042
772.5716396272512
196.28242982090384
89.09979025867017
317.39370283768994
224.97515924210782
-78.90444768569768
166.79222722572626
372.23246527550924
1296.5168041924203
497.70535127786235
1872.2301284255313
176.73786543061752
185.54580794045347
332.0140238827562
324.90572475298944
689.6309275093867
503.48494092587646
421.04645114677425
73.46449531163893
167.7684377433908
899.5106363876423
1217.5213006146982
1599.5782048527244
689.5618180518186
919.8567214416929
672.5949892712948
601.3440285230552
657.5097138046664
329.12238131760273
984.0588605948267
1563.2257770713468
527.9275673879914
520.3487394260303
2582.3354673198337
171.93770903214124
81.29419378116751
381.8037381660087
-62.60224710078489
755.8587408521676
445.52338820579683
1413.3161573691839
378.0226579401891
759.9481919726238
-1.3188041606400134
1242.5914903537523
986.4706702687603
1308.1252606772046
362.3888072241616
1104.1046057464628
770.9063150591647
448.91781569771445
218.93194115441392
1001.5950465925125
448.7466191007735
928.9039452725418
1739.2931756965825
195.68055763540522
1074.6503450580442
1129.7793698989185
1802.725301077986
-256.6647247507435
1640.9134976981081
912.6227670671346
239.66345777401835
1139.283924418332
329.2658031937219
-109.7017555817448
186.49289425582023
1047.7458398070967
545.7794120763199
1031.1985642554744
526.3261665297382
-236.31887102144196
553.1210157135686
27.800066749351856
35.234806616654396
805.8131327459125
-84.17196667431938
733.7750984939546
19.837687508851843
354.51391359434797
678.5000129421371
208.43239749638292
316.4185063279713
764.7738907228988
516.9097171311577
2947.119053241562
2021.580680205508
814.3778167383487
38.06651727509001
401.1048833806059
82.71956852720251
1068.0714171705176
1311.7533334759682
1061.286138037376
637.6398303957145
69.37499131160479
561.4081882958681
541.7049272068108
36.83687737765604
933.4814342493755
369.55026855974603
910.1448402244937
261.21915654353114
544.9488568506881
1385.3024982776942
532.770850959265
430.43390440256314
-170.9607645038659
1192.7639820198256
795.7932371575093
545.4021274898157
782.187445740291
201.15507285535102
56.15933132805975
33.02274507173985
555.5069574409914
1500.5761126513362
651.7866186221555
60.27752462322161
1522.381657291824
908.144545548914
580.7337677659664
307.68624975369454
303.8188105741486
889.4706401070719
1323.154051842937
64.2285271305347
292.38596195086063
473.2293346722397
1522.238916526141
229.00781106588266
474.91709516101685
79.59258506835374
-32.50374525894506
390.0847880337088
1097.6490451865466
737.539634172932
286.9754766164614
1269.2263040181692
263.022452298677
1180.0213142650214
232.4861079672655
426.86062490146094
235.54815408290835
1231.0469589112158
166.48892017534587
1182.203474420513
41.8126055096177
263.60601747777577
585.1603712201932
497.7783822393822
474.5294605131147
697.3835609594275
587.3713501382271
1420.4163770106838
998.4947404803963
677.8298262101771
-76.90516050428545
693.5577801334013
336.5334461478267
2040.7997973236536
1363.4214464134425
1036.2876753506619
245.69569724125017
1508.3603385091658
1273.698807497064
1447.15105795469
141.64102865103075
663.0810023358464
199.0263175749628
1124.6612920096418
22.28636800595234
942.5864822597481
1473.0538315433203
954.4909834254429
1567.0017693726313
-205.41412477849894
939.0746318834833
624.4138673414642
857.8800501207126
365.0181446274752
115.24338829491842
682.3465555634032
210.6490847558715
303.4252625086279
57.863685069961775
1042.0421181180868
231.46701174396284
460.0730945901486
306.50907368947327
376.5738286426314
1230.4115218085758
209.8753849488903
1088.093323875531
1160.6723060528684
1057.0866570581893
1329.6059611893738
409.7652544995729
649.2939932169206
229.53719994492783
2189.2397472125494
518.4811336484198
261.8767481757569
120.48652020357366
406.86276296413376
605.9915166474524
233.80174667179034
1889.0829136117788
220.64461224088893
1465.8362395537208
115.74151738678347
454.8383061783285
443.46071279343977
800.5725911537041
871.6940861322933
781.1086385479382
378.3429219957758
1110.4034614959728
1019.0818602777285
1133.0406210195888
158.55759091969114
102.83839409806802
1285.6297790996537
1516.5562189238951
807.015430438585
296.9006799514143
176.5730632272665
-4.962776015511565
1305.4703730539525
136.36872568159976
1819.8378226215752
1219.3432884374065
1392.7420197947795
300.94018151995346
869.9745261070495
170.47634762634274
330.35049352323364
128.7978466360268
898.7303442271643
1437.769665998491
1634.0193997690797
263.33847570442254
973.4470743913191
1632.8487422395242
744.65994077381
476.262761323812
1641.0354512367728
335.5530561643934
116.56338662196833
1531.963371422756
331.8807529319621
390.11566114601715
1881.1272298811416
367.4683525878541
222.92262948416771
923.8031198648654
1943.482350639619
597.2555006654056
586.7856503936646
951.746377715024
324.65864059169337
-461.82472370807466
494.83915590395776
149.44396130643463
67.27007007624428
1338.4503637965722
206.9785025622801
531.1639372548466
682.7283133524371
1000.0176215221202
696.3005815016015
741.6962317472498
1050.233254222755
1144.1814814631443
1343.2890887856574
682.6529249391385
560.3754276091541
14.828473791852332
558.6086600614007
1146.2018519827775
223.7821195803288
1248.6067645292183
1677.088016831254
417.9567224895421
140.61451841393023
7.359587674605677
1168.39172511927
227.87729210197105
424.4574996692287
1263.8738762767323
1531.5451884187441
871.7751529789705
101.17336907307703
956.1773318191422
271.68270830019236
98.80090479807114
1287.137616354365
1048.4747270930357
1288.6603282342462
819.9046616248929
78.6082347091629
955.8792840824441
400.8974780826369
129.94714970954317
757.3970985095682
423.432405615293
237.12179975603442
1088.6719810902161
222.1229069279343
472.0359990640271
32.865293097895574
1809.8469159051872
424.9849544440741
1132.710673441467
572.8957340458899
876.1992370168471
448.40103179964024
1383.1260401940854
1184.075200365051
304.91043301667196
340.8706356013702
32.39000398090951
80.4690485272464
125.5867795320554
713.1353451329829
251.32160635976402
743.4909474396251
1465.9716862993782
1105.3350607674142
272.3633339124435
186.99883721862406
1153.1362735392813
500.98384213009285
1385.5979261772338
258.33064028264255
1758.6642056675835
94.38984933552024
1073.1726652962775
1139.575721991077
119.24307514236443
2252.250233357173
1103.1195063675486
940.1445711895216
678.7225184588674
183.4633893974029
321.04668579913283
9.153660383931424
2205.6540080546765
155.50478009037636
562.8035181826535
838.2023826533377
973.6902961440752
907.1978038791422
150.2786914432637
-209.94446938861336
227.37248965766042
1337.6387914495526
228.25481883818168
879.1724256733546
113.50695230474247
1124.719934797985
330.4919679988125
197.0889876280464
152.29083601508734
137.17891121956745
1021.4659703501878
789.9625431533478
247.95397057623887
1011.446737855109
-44.640986454153676
1019.4387380067369
1571.6223599816772
2223.6832036993965
903.3788045909693
178.43481407069143
1937.8583965077896
1430.481908619351
401.86874934317996
196.89115744148455
188.97721577948928
1131.3394306929686
1461.4234972902132
91.06067498731665
-2.6863500105822027
1415.7744763463415
946.4141056065686
1046.2461680040474
714.177229846523
749.9544215076631
189.97748800279314
213.5990203362148
423.07710600734185
1467.6469490661225
1045.1395163386915
289.0889023214578
1651.520355936845
370.75425941426533
494.887569001149
278.43065089660786
523.766460177903
241.4702329057375
962.3864934001543
739.1856655420461
306.12444818358443
521.4949871217873
160.85454669755734
1131.0814371168703
791.8133548250776
1265.5969325856818
815.5026566659387
486.25618339673514
875.4996952463982
826.4461285941679
652.9325986145213
1146.691079187351
1255.3272200063225
279.2686529190971
1273.9523576292213
621.2476477089747
387.410274561185
-97.87733545002385
1573.008851764594
1354.198236871091
718.9082046577159
841.802343400431
223.04547603218626
1104.4399933663021
1182.7822539674107
1539.5977687317104
735.0713233159238
974.1201427092213
173.76518911429554
1117.1177248251815
995.592927820385
794.0314217381775
-51.357287763068484
581.5547178401889
298.43987366173985
862.686280560684
-6.180675472838175
1457.6386875049805
532.0206688289147
96.6792383423176
-11.652447491232067
347.66567576933016
874.7572091049867
258.3070651059959
661.262787878188
439.0296084606914
931.3952859497094
941.1202761669724
924.0146329732946
825.48183733678
271.13224465525616
78.84881282956019
634.277828128943
987.4745273632041
1729.2657938106304
719.338184438554
825.7407097884948
1133.80788703505
501.98939679719524
36.663143941685405
1277.9711019915053
301.3184667564841
1053.551151005581
1076.241138507668
160.31476456924452
1457.596192446428
14.466086375539135
473.33709451082757
213.49822064900388
662.7175790385918
-141.73594586003765
944.7238620908371
266.29134268581515
1168.7939413377926
357.2291885653691
1009.5629705662884
965.4534078393864
632.4531851977033
783.8333371099293
1078.9241949084849
552.876931049323
1034.1702562991145
1118.6924743939112
127.48388048902575
114.31955130598828
714.3055388217524
912.711224357327
1060.2504411162267
84.49220223963118
210.47045320326757
357.8159579956878
601.6917604019054
206.57484386150878
1030.4443460555017
1531.8192794086494
1320.9064162913537
1912.0907125640545
195.37890240213665
363.35280501916213
794.5845688853874
328.1057548763774
868.1898033199056
-127.37878880409039
207.85714336112264
1216.2076062572114
2115.868478588035
1624.7894207057873
2414.8350321611524
581.8468513207737
910.8254787402035
613.9568098041932
754.9481788217156
1918.873470921489
1034.0423289145097
2259.3668754415644
-48.29784259880961
928.1624015048307
2841.4936534764665
1325.947283402049
1409.197038262089
354.19042641993235
140.75979256563778
59.83061263809947
546.125812522688
557.7753758727471
83.30714672285245
1131.7720357835822
1376.91674901036
642.3300509040143
1012.407167803484
283.30535483581116
1002.6353219711895
262.53190615398944
2048.798266624516
208.39891542042827
64.6086513584695
74.92512642334128
1100.482261071494
148.11044004864965
1612.144761318785
488.99126230112574
336.90804274742254
1038.420583511951
2451.18404702227
1125.8675270837002
1035.49648430498
720.2400616209684
774.438064470064
-4.139393114233769
224.5078982971885
971.2059483468197
348.39187643119476
513.3114626451799
110.51509141647688
186.09894394929543
5.970768986618111
1053.241045720467
995.7013577076495
316.4238298367379
297.1170398853968
644.9089896227696
290.9147945835427
410.45706012796586
1590.9827645068738
508.7998020446667
535.6797740415656
432.444268880072
371.13335756854184
316.2829330475478
2319.656719870215
251.45709561676225
509.9096029644159
813.8274657152817
325.3878232287549
526.760014948891
768.6932938919106
764.1086467547467
192.68755900971584
-9.159122266528641
975.9157428802301
64.36122685565181
1268.792832675243
928.1511059943656
137.0474186849424
896.9225497132675
740.9516893818652
215.48427180290426
1234.655130121058
138.06552570988845
65.23996720736676
1096.0491770731
1167.117117425399
128.94246566080943
571.5716606918054
194.12236714854564
1585.0308452010713
515.2412984446689
120.4888230286225
1331.0914918912163
-173.50945056228056
75.30870147057482
1322.9966262704734
140.31026179155697
2267.5739195266533
1047.7100982869556
1015.9145874877283
987.9552234248073
724.3388807706259
304.5854816063393
862.4828484582033
204.95567404666923
238.7736876331288
303.3411849239276
935.5519044357524
240.95833402955893
744.220647442002
1819.5950636231155
2158.844802620235
74.11300748173738
1406.9678171648686
605.4061394953873
1050.5153130344702
897.1887919600351
604.4135634938243
200.70531258544705
270.29608675876943
928.252181513548
962.8176960489512
566.889366686585
893.1337320313354
424.65479462225505
410.1872678711685
37.6432999113365
1276.9999823770645
1418.1222436547778
1303.087654760253
82.42640116739494
89.64807566884144
335.81942366814076
936.3870338917441
1347.5634158044702
496.33025304496937
1893.6713144719497
238.84866123695952
449.4234296017722
185.62143863572504
1099.3311738683701
384.60081491430503
1584.8587229158322
73.7444934712143
637.0640124131705
395.4288635225302
921.6273262479319
387.73355035103594
1096.6421776231982
1645.6956025741267
421.1707290894228
594.0027178458952
681.3124003081427
1343.1064033777125
2473.3752646590146
191.5792877328125
991.2913975245746
860.8917047991949
383.54346292124063
214.72536205075141
261.0030510087221
274.4373520621751
1734.2756474353534
1134.3381663159787
725.0155888549189
150.85655243649586
232.08962174995165
2035.6770840334057
87.51671618107372
889.1074073387949
1852.237469291868
698.0674321457498
224.95126859450596
845.9518696292582
420.80410354641947
380.8171188833862
695.376315949853
2802.902738974145
353.9924160806655
2060.673044242286
1214.1192838416614
17.537478208261405
412.91901293747406
529.6951586943642
265.63619935298794
94.80398099745594
1224.1910830113623
259.82117957733055
88.42705402393614
1992.9665776038214
839.2798705309915
1727.6457826946082
1599.8517521891508
861.1088674851259
485.32611121909747
13.948838280137352
517.7447345402084
465.06381521562525
644.9784564911397
379.0722279577458
1376.159389794014
54.819335995170945
545.2794821922178
1316.109234992277
1075.8288796267175
290.48183778235983
110.4536921793815
528.1952217298195
112.62959937636236
770.7918871095551
1096.2449211519988
873.159864976172
867.0377064251941
142.253598932071
1861.0442566179013
-22.40401161128301
255.44757981482098
-199.46471611492598
402.72179957798556
1084.9006729564474
436.5546992986024
1003.0242246712219
323.31978781522974
1931.0766194929536
1159.129567883652
420.82056472187423
1636.2856212952966
327.2869046127428
92.77884100755324
246.3647466271135
1455.7121685117695
1969.58298021958
949.9989460406372
642.6740914324716
267.4285174973668
94.75872894418211
284.4705536840965
229.11053371137737
-132.47886030703035
689.885714973324
1462.3935540766697
813.0363955998398
460.1610397394768
382.12639875297697
375.9394653781688
748.3517396458658
1380.9631508756374
297.8922727616944
232.27064255974764
1861.764196864344
151.07515431384962
232.0145046754705
310.4743519510994
1018.3259960146752
974.8615000193025
835.8474394964835
144.45964131349746
1212.9183186685993
564.1479332304021
849.5103326472179
299.926428711047
162.81988161575865
595.4887636258428
418.1649431759093
1628.2489320548013
1630.2037033815761
1076.1794953524186
242.2757187250441
23.44750149054073
-237.7999997947329
807.9811025022199
1074.765542311648
416.6226202261261
864.1826415365236
370.2779832532587
-375.9825606314066
281.9246111424697
931.522902024456
755.7556952807558
51.46500507438458
364.9022544535369
13.460778192524913
810.4978050289703
1368.7963132745936
-97.66974222000414
248.65242999899013
150.47101392144577
1584.7623985998143
1261.340905233097
504.5272710457456
1280.1215207170148
651.437081269727
1272.3932308020462
939.5087924138039
835.7933609950726
721.8301411503152
-280.1856486778031
-46.924714066196714
560.7139651118698
1249.3699196902326
1475.506930395496
396.80507571836665
1115.3267630263126
1149.4027996238028
105.05051004126256
210.18737101050706
108.1079745951676
537.1873028041174
473.49996400004943
132.0686911294011
470.0520699163376
311.2079618575655
46.96423852880491
653.215732480648
499.96493113792866
457.77381232391724
-140.47228651973478
466.171701539519
811.200766735058
282.13854382271586
935.2024286069892
838.8456980535329
221.24284519267155
170.62372047883923
1247.436886978251
1770.751962368777
14.131091953808834
625.2123415019909
1961.459409858087
526.634362999047
37.72236857606555
-55.11377937283697
145.8208775801079
1126.7236228854492
355.2083496902743
1563.1682484292382
478.0587529698412
735.0703415061178
439.04328518106774
955.8412033135803
-28.73051452307692
576.2234680908746
1146.9170533197873
1305.634735013501
397.016457853292
675.5334161454675
535.2141677755568
940.8601275161484
2412.540581889323
62.14694611290872
-9.713718855967727
-65.20713292318248
1266.0806532822817
542.8402000431232
1239.619084003623
1491.8722525602793
532.7013560295186
717.720581076732
758.13853749695
278.1398716964534
97.31806401877304
295.79484025224207
917.920830653437
901.5923554862171
340.1459171623378
660.1397898944406
826.1448937498822
412.72265199894736
1619.386044217828
90.29102016806229
1392.9201769662982
1177.4399083105247
1672.7435688399212
-81.6099335304445
706.079462768231
251.65735110805844
375.6474450227887
702.5578816717691
189.95063380663578
1072.7894288915131
423.99840406906293
301.77807315330074
665.243726888667
-37.06524016285658
169.4334857700842
1945.3947476351714
881.4353715120556
80.73783081388325
1213.2071144969195
-111.88048391634493
128.9944739299849
372.45003701533864
334.82865769338645
1798.509210132724
290.366262804498
245.7216186621348
294.513297808547
606.3963115681813
577.7442456324209
350.07201731722773
-135.47070049118247
1039.8543776702352
1669.1671533322174
587.3339852713393
25.120680919726453
1430.941032944494
2119.043246056555
16.050497946271378
737.2675867540544
281.81153106838985
-10.70583001739152
866.5718458557934
1011.4063036756816
831.2199256364793
200.57205447517717
1570.6543107979876
460.8292833762245
1092.5515701721718
41.54196470689311
283.83216534813164
663.0512771301698
338.45713486994424
521.6412416094336
549.675635589005
1284.816539782303
802.2798289146892
967.5139341526142
-352.29800970478175
1277.0181323862903
1012.6008304899714
-44.8523301020802
470.15508124898713
1082.9982609766096
126.23050044640826
1090.586029729212
975.5985889397604
866.4674733985488
609.9488703581218
184.81663809336067
23.72794836276148
806.925456210997
2342.119954411849
587.532853882907
702.9260571656214
1699.500894559443
509.6639431654386
113.54501498364402
1245.4472778613906
599.1247869572741
789.9612332520476
240.44946362510927
262.921126102785
1210.2915487255916
247.11749448171304
734.9993520372141
899.8649025309469
1039.6124238170269
3.930610118496645
1056.6381694396505
1521.9673746511514
1508.5297381514436
30.580801345295015
1562.5907614270131
1172.9321745641726
109.16290775659303
1677.1138022522723
634.5082331177749
284.6833485908371
32.4946707085179
839.3345256294228
1050.8718739343817
50.82143550330011
12.084960636246763
685.6854510796636
1212.8060591922297
303.45532559223966
564.4593446257874
211.76878347986064
70.95123687894232
272.1556773016839
968.9054554797339
-6.88648411882906
909.5816889099037
435.4531355595772
2292.876643769586
771.923973717697
192.97888336856224
249.0551494932739
198.3595243151658
465.3210366354177
-152.4563413962734
1513.8856333911667
742.4410337820493
356.83159363455115
286.22710251273435
1317.444523321351
979.9514848877778
1169.1527763920817
168.28270897532866
19.735151278553417
404.51773071596415
-87.30888818804925
742.2343377979413
11.807623120463802
247.97693381526378
882.491050206215
429.89401106400373
757.0640594852437
843.0112390103575
1605.3884637078947
267.2243447692263
1331.687783916754
625.1190162238587
16.55414503535758
195.337298939453
357.135016290414
1122.4498857679214
13.52090606748169
1363.0455305038804
540.87067181655
972.515522037869
1792.2699837819816
521.8495977737325
1477.7012617850576
1062.2276208637631
380.33367611215607
1088.1810395694815
1356.812078324661
14.17210783991817
823.2580006201399
568.0694128421452
1523.8481835067464
911.5604670888816
567.1504667393672
313.998161717072
-202.52203435205809
539.3990956169207
2208.9780430760966
1936.7799381301957
832.8159722147318
1111.0241958406725
526.1423607951979
439.2115803393537
854.0011392645978
355.14114848873385
-17.6331330718823
10.743814747658575
-25.49745442574175
689.1848566341412
-100.74176410776545
147.0456942792523
-13.752370365660965
99.24633352692967
630.3414282027861
-215.56700506577033
965.1334400741789
1187.2508976263555
785.284294914215
356.1469923695713
-39.00499711454751
1304.0837679641318
1125.8400905410704
36.670950154872344
993.9347212709798
811.9234221359848
319.95478761436385
803.7850624494199
1296.0584721365287
1258.3942197012943
103.40048585464308
219.41807891978897
540.5033727038968
103.59097940013004
451.411965979195
973.2630563722222
-0.7511775918352441
254.04236991386057
118.92336643246892
517.7449164844836
410.26190603379905
569.1414734825584
418.86741696234196
937.8046077956599
482.54244467765744
1515.7425502505084
207.9992313286526
-74.45969226134201
970.5673794157374
1614.465332821892
774.1485663150776
1386.5983138197585
63.96321372332386
311.32791466070483
288.18418442406323
227.6016361315873
474.73808691126806
566.5006240816247
1740.9732160992532
220.3626018640189
1315.9791528783571
391.04479043401574
1408.6802181735006
318.7882858202152
1502.8827078071843
295.2656933413877
812.804203106627
535.0068849739379
1341.7415705367912
121.92630398976416
556.2606085147332
1232.355016873783
641.7271989897902
-40.456653078836666
17.52824891377884
416.60316329835325
187.74277865298274
2015.8297546123304
573.1927461852055
285.67870956461775
1860.8647054300388
1349.945051952213
266.1749920261353
943.990761365766
2057.7981278582756
1685.1294540519368
2156.6406185552514
1281.5438621778849
710.6540501492893
2394.399638300273
646.538697397734
290.730229817741
1436.7837683777957
321.08101147753325
56.15610988578493
1787.5847591382342
143.06446040835226
80.46060425489611
1139.063475264153
155.5983988514823
878.2954733259452
1449.9932787243736
198.1731985669066
452.71189880065754
779.2275837023165
1619.5339897154086
279.4127958761518
354.29105198268513
648.1960563007609
-257.10043952823764
989.9152831023939
2220.0698700437524
46.2303456525791
1196.1000112487052
615.218140805131
87.23420590605008
28.276916492738906
215.506298014062
698.9325054182136
1246.876526247183
911.7647551313346
1911.428565588279
303.7674388758893
883.3322337882903
446.94027793873505
188.34620314269466
900.7334880100448
1148.7716030988008
951.1422599179094
178.3895476250801
1528.7325631836243
692.9255407585113
540.5707903051089
-47.44432938361871
401.3853821915343
358.85093763696256
843.2295769454859
803.1218153143584
319.4779721965775
585.5177142062898
228.38364707874817
2679.0927293457453
63.62466263638828
587.5155474089574
474.74992247509186
494.93145781526175
363.8171451209169
447.78701339580306
520.016676261196
1006.9616416767483
1135.746500310015
322.5872602516159
299.8310408650897
2615.278271063229
1581.5468929866743
349.5475914126249
76.47090957316288
1149.051503369777
-444.040309037429
794.7295279605152
-60.747376879463275
60.1675081323358
202.92844560586033
338.50050066286144
1362.5911800816511
146.58229189247226
1356.3932448178257
1591.10452196258
543.285153687822
324.1939357470257
682.0814268404301
399.5945402292563
438.4767146898213
213.2117392967768
673.3184573908599
315.2121223203719
186.47520591207552
344.22522739113975
914.5723395556239
1090.3363181043976
978.792178210103
1221.1554458200198
444.470997471109
1157.7892429431026
55.446306892616974
1117.5690749007522
1780.7857864416283
318.5746925824581
220.70435172721955
1081.2640465628767
649.9799852583889
1374.3710183349613
281.71264969435833
1078.1372026148074
1071.6686245017438
223.99577865920725
23.2018774149289
1223.853955312858
197.00847708955558
452.09630226666224
1740.8351414912509
104.36532671108318
873.4354910680785
295.2767636865033
731.6099864006692
936.2927352886303
1407.1588828046865
405.8637295533237
-54.522081224409305
919.2503997386597
142.9025817759878
-34.82881308375727
459.02130499631085
1493.512815670708
309.123709798152
125.04832581645877
890.8542879463456
155.15011004864078
254.40071861925767
536.7295005153519
661.6828715804877
1382.6377017320478
-25.803523562512396
697.1223160042634
790.8560469340521
216.83262781141914
430.0819790561675
989.0052200146986
1218.5022198385348
221.11787142192404
85.67414950301827
1123.562866040386
93.075791004851
1079.217557288093
940.47645365947
1339.5798806836044
1105.7652479188453
220.65331606781868
305.6798123275714
203.80104571894816
125.23590806657205
225.3345973399569
1151.0394525383151
598.2274269470274
1061.2737422570622
677.7976675553014
1495.622480742287
1031.5566926844213
340.5970986721806
2048.7209657295653
396.51938141101783
-67.65421830162569
195.9760656691575
389.0039259712381
959.318964483691
-41.855974134512564
470.8618900137644
342.82938004483606
-198.2882934874185
1281.909506610726
255.96589050789274
2595.28915989284
68.70343579661551
442.20858670348844
639.2613547756567
250.21316631294732
1122.2785496076067
494.34633013380704
1020.2021476872818
1034.4109124255756
516.0410749427972
1098.9547730666372
166.69557362834274
1539.3638779769863
27.962380676288547
1336.4617763746637
1459.3186525695078
258.9125480477311
1196.0329567985755
129.62883450231152
982.8395597265194
1748.1255996070054
739.8502679967099
384.18387338692594
601.1137014814813
933.785959781471
1117.37649042686
1439.4145409922737
432.5241260533302
1290.161248292488
271.2491687034072
408.34637734192495
43.7005332899642
626.1815500299123
1833.973821299111
994.4047183646016
135.41686028175752
508.38814826479995
738.7232603799555
142.13492500793
412.5614188015429
309.10933093260724
1987.875583389159
143.3481472615748
47.667929818641596
1357.3864033916022
2082.8511221369363
86.84243892820115
381.95015017298846
1614.3926258221047
736.9172807638122
1189.597502563739
686.0121515517908
429.9450240828565
1218.6700480587174
960.2283344758183
673.8127533653883
236.23479704613
17.47132576586762
1601.158478001922
440.0459355105999
1449.5378667431203
320.86020172489384
511.56156463405256
149.36138661771997
529.110253867231
1173.583684499445
16.19625259573405
283.1131186797417
264.64568746635814
235.59121237760448
1685.5678137920181
221.53853039513325
1210.6349928769885
184.73231455124906
426.6335441789069
1098.1386801543204
564.6818575467645
1053.2399582122196
595.8358345043422
1329.8593291505438
422.37476891477417
610.3218115546932
1420.0535147036296
193.35551284476554
212.06662991461343
605.9993065731196
2050.435091419938
882.3888688833251
380.7486875699954
273.0254352711498
685.5917847853734
346.32879243185783
1568.2918462914681
511.5017538018176
84.77812954088154
382.00152794705247
1724.7399170337196
251.44763608159934
179.22086906130497
559.7572413805958
919.6276451188534
352.3313070038691
981.2128104437458
698.0662572306737
565.6458703580361
342.79519588675714
1042.1967892125913
345.43124206010805
1418.228816281458
1181.664069684824
2047.951105155835
326.16272429204093
-84.47853087739327
625.7837169427598
831.7529955078248
881.3197452242858
104.69472205175668
1439.50541435694
208.8087653857272
458.0768056379363
280.3342183467891
1529.145973746721
-231.88524256802805
230.82878379966857
692.8788382916617
651.4132464593669
-2.2318216577968997
942.5799405486142
1435.1928072092744
1608.822905511762
613.0374738536107
881.7851903705596
359.1063197967394
424.5951481603374
209.1556462365167
-1.8751760808263498
964.7055989953562
-21.44944931503585
60.47818492500812
1257.0384077749145
181.89308663395875
132.03866930829872
1130.5162991376014
41.490556559545325
2070.9738411147473
929.2477807849115
286.91774466992405
912.5996719900879
848.8029783808538
245.25999316169353
-89.99872456025201
96.05975346637905
1304.1217329196957
133.97335348779387
425.06691891919195
696.7931894410774
405.2859786932789
976.1922975771234
866.0162302459497
303.3827636222642
324.99143817428313
1088.7484841716282
979.772243229131
346.0446498179723
604.3432588272395
67.44421699132272
1454.9522790501514
285.14715636087203
446.7412414081604
1442.3541633115403
2.0655595675726204
-25.272627140008353
214.36450817263005
874.3058493484409
599.4468875354329
1164.359282947013
996.0296250105598
613.6071951146715
255.0073307967436
375.99363936607654
561.8062672457004
195.34196578839118
262.6859599049966
289.19314323609154
93.45222459220173
280.0842737217715
1885.5963339747161
1059.389913325952
682.3021186043848
667.5371989645492
251.03714276182143
12.007931135776289
223.837252964737
1020.7245653864372
349.8590484145397
700.2031932117429
1257.7353601332347
333.8112227131438
684.040321365156
271.1489992297041
-177.60217711242854
-26.24292358782361
331.1222548042646
1009.0967497344055
743.8064903322401
919.7411034693343
452.84302184371325
-232.45736144435807
140.26693778631426
806.5246495905604
1312.6522321200855
361.46975258608705
230.70449444853222
-53.64112909997368
-59.85113699244681
1818.2425188028406
953.1115009291327
129.8037196258681
1025.2212214870628
249.89919720645344
401.90733661097926
1181.9594640874477
2215.9706544564847
1043.9605326249393
1502.7358198542747
1299.1753206794847
639.5424798762386
14.933862073830653
1011.5842903434688
1014.3548717392396
849.0594566417246
795.6848086982011
946.5739390288545
274.9105767893519
87.19199421786595
533.3412697332544
935.4630601178831
1538.1911494740154
267.6228438593614
189.57928072924423
568.334477002238
872.8241420064278
265.08054762586227
381.8716353478971
660.0913475565875
1261.1100006938223
808.5253431684139
246.427557118363
204.0081307493518
1324.5938232915564
1117.1335855373068
397.53697507512175
797.6159702141781
